param I := 200;
param J := 50;	
param t := 	
1	27
2	3
3	14
4	14
5	3
6	15
7	21
8	9
9	3
10	12
11	3
12	6
13	3
14	3
15	3
16	35
17	4
18	7
19	42
20	38
21	3
22	3
23	4
24	17
25	3
26	3
27	118
28	3
29	3
30	8
31	10
32	3
33	31
34	25
35	41
36	3
37	20
38	6
39	31
40	4
41	19
42	106
43	11
44	15
45	10
46	9
47	3
48	16
49	15
50	3
51	3
52	3
53	3
54	3
55	6
56	6
57	4
58	27
59	37
60	9
61	5
62	14
63	18
64	6
65	26
66	39
67	31
68	10
69	8
70	25
71	20
72	20
73	8
74	9
75	13
76	4
77	3
78	12
79	16
80	11
81	17
82	8
83	10
84	15
85	3
86	3
87	8
88	3
89	11
90	3
91	10
92	33
93	25
94	7
95	3
96	6
97	5
98	11
99	4
100	17
101	73
102	11
103	5
104	4
105	10
106	18
107	31
108	6
109	10
110	12
111	11
112	17
113	4
114	5
115	3
116	3
117	14
118	4
119	9
120	4
121	8
122	5
123	6
124	4
125	21
126	3
127	33
128	9
129	69
130	8
131	36
132	16
133	14
134	19
135	19
136	8
137	29
138	3
139	26
140	21
141	16
142	27
143	10
144	3
145	7
146	20
147	99
148	12
149	20
150	36
151	266
152	12
153	9
154	23
155	10
156	41
157	90
158	34
159	584
160	113
161	109
162	13
163	32
164	3
165	37
166	30
167	18
168	3
169	8
170	35
171	16
172	18
173	3
174	37
175	17
176	12
177	13
178	6
179	8
180	11
181	3
182	3
183	22
184	3
185	12
186	3
187	30
188	4
189	31
190	11
191	6
192	17
193	7
194	5
195	5
196	17
197	4
198	5
199	12
200	7
;	
param c := 	
1	6790
2	9986
3	7337
4	11021
5	10276
6	8677
7	10614
8	9147
9	7150
10	9098
11	8475
12	8500
13	9018
14	11010
15	8452
16	10336
17	7078
18	8481
19	8563
20	6817
21	6954
22	7558
23	10490
24	8148
25	9605
26	7486
27	6918
28	7862
29	10255
30	7672
31	7843
32	10955
33	11082
34	11129
35	11539
36	10759
37	10322
38	11178
39	9387
40	10876
41	6686
42	7399
43	9811
44	9639
45	8810
46	10959
47	10326
48	7355
49	10668
50	10270
;
	
param d: 1 2 3 4 5 6 7 8 9 10 11 12 13 14 15 16 17 18 19 20 21 22 23 24 25 26 27 28 29 30 31 32 33 34 35 36 37 38 39 40 41 42 43 44 45 46 47 48 49 50  := 	
1	1951.35 5297.9 6656.21 850.657 5875.52 2858.48 4735.6 12760.5 5901.53 5236.56 9484.03 4324.27 266.937 927.099 948.424 755.163 932.823 4959.99 6091.85 13214.1 6397.8 2683.75 3420.41 4940.13 17252.7 867.469 2621.49 2495 1089.69 4771.06 6599.83 17308.5 13716.8 7550.93 16326.6 7380.19 11504.6 5492.03 908.26 550.994 5283.9 34314.7 1019.1 3634.87 2612.26 1529.7 2424.11 1916.98 13501.5 623.402 
2	816.792 1102.27 1771.29 28.76 901.715 1019.96 115.64 868.6 761.536 732.093 675.785 329.436 266.742 851.916 948.229 754.964 932.649 724.757 1875.32 402.929 1080.97 850.202 1072.87 854.075 782.251 842.829 844.08 687.71 1089.5 870.51 517.373 637.572 828.917 937.69 585.392 898.679 1052.27 1074.15 908.075 1678 1182.16 955.921 807.332 818.835 922.566 857.261 971.001 1061.86 714.615 623.217 
3	1375.24 2492.95 3650.93 5014.85 3095.61 1497.28 7183.06 6558.55 3286.72 3118.66 4706.29 1773.72 369.777 947.4 909.251 828.838 1123.65 3111.67 3777.01 9737.55 3373.46 1955.78 2063.67 2979.45 8793.53 971.409 1405.48 1589 1014.01 2409.8 4572.72 9263.14 7693.58 3995.23 11115.1 4121.81 5575.12 2979.68 1065.81 610.11 2420.37 17625.6 931.017 1984.82 1658.15 1073.32 1546.33 1402.2 8166.72 796.87 
4	1183.97 3178.98 4517.08 0 4345.38 2348.6 2457.01 8861.99 3719.49 3206.03 5779.28 2518 238.743 905.943 920.148 726.291 907.761 3197.95 4682.19 8001.26 3995.18 1507.79 1920.72 3112.29 13334.1 847.812 1754.09 1515.72 1062.02 2899.63 3724.6 9474.2 8262.78 6401.81 10765.1 4930.24 7535.11 3560.95 881.551 1098.71 3160.12 24201.1 996.224 2424.86 1683.01 1501.52 2392.61 1899.53 9218.83 596.592 
5	939.705 988.429 1876.71 401.151 918.918 1035.19 465.048 854.988 810.12 837.911 623.402 225.737 336.529 898.326 852.113 778.755 1084.14 883.847 1944.61 717.958 1099.8 1033.63 1064.1 1002.57 763.926 925.426 868.235 817.958 956.114 833.342 688.458 799.188 890.667 972.403 839.185 971.409 976.741 1131.2 1022.43 832.882 1017.28 1095.72 884.83 858.375 1087.02 914.364 1011.89 1205.35 837.713 758.034 
6	1758.82 3048.27 6645.08 4021.59 6085.61 2017.54 5650.63 7595.82 9213.77 7280.57 2747.15 2319.81 741.156 919.393 1205.35 1016.52 751.582 4208.68 6096.08 26767.8 4026.05 2030.84 2347.95 4028.26 11516.2 1165.36 2829.59 3369.29 1368.75 2764.47 9731.85 4666.27 19592.9 7191.53 20876.3 7057.49 6691.8 5140.65 816.976 832.541 3126.97 19588 1476.35 3873.39 1967.48 2480.28 2210.29 1382.13 18961.7 655.181 
7	1559.9 4310.57 5779.91 2457.01 5441.9 2895.6 0 11213.1 4750.45 4133.78 7314.89 2982.15 155.851 947.112 835.599 641.641 834.094 4112.81 5586.78 9183.2 5335.95 2052.08 2491.68 4104.75 16206.2 882.401 2234.46 1949.07 979.445 3804.51 4695.32 12203.3 10832.6 7812.03 13469.9 6358.41 9907.05 4715.44 802.36 1845.47 4334.78 30860.3 1054.38 3081.29 2234.19 1645.79 2708.71 2154.83 11541.8 517.552 
8	929.715 1871.26 3393.44 5083.72 3237.21 2003.27 7055.88 6187 2713.98 2504.16 3515.14 1037.41 310.609 850.366 795.087 729.832 1046.35 2745.66 3778.14 8042.09 2761.12 1287.83 1310.43 2528.94 9609.91 880.852 1266.65 1231.11 898.222 1843.32 3322.5 5948.12 5957.94 5105.16 10289.5 3760.47 4808.69 2602.84 980.562 514.668 1777.15 17128.3 957.292 1786.31 1387.23 1368.58 2094.18 1859.34 7781.16 721.762 
9	613.328 972.802 1394.85 185.085 724.573 839.84 129.012 704.535 579.2 533.875 543.633 328.709 193.519 666.703 816.976 582.061 724.933 517.552 1507.02 204.758 898.222 641.952 899.608 646.94 624.999 647.465 666.703 485.25 970.411 716.228 311.701 485.25 639.722 753.519 377.067 704.535 906.693 880.669 704.855 740.12 1076.41 786.664 614.275 637.12 714.303 668.569 784.042 854.251 512.975 421.51 
10	1197.04 3291.29 5213.84 4673.01 5450.49 3343 3482.63 10365.9 3794.2 3170.47 5465.53 2153.37 81.7135 1077.8 751.582 685.201 763.21 3458.13 5477.45 6313.76 4334.65 1391.56 1554.22 3372.37 16736.1 998.36 1963.6 1474.33 897.682 2906.61 3063.98 7440 8146.43 9046.03 11594.6 5635.67 8623.38 4059.58 724.933 348.713 3314.1 29364.3 1220.83 2690.44 1916.29 1988.43 3402.74 2718.76 10361.8 441.469 
11	635.032 1246.2 1620.24 657.419 884.83 962.513 639.965 919.603 756.225 636.534 881.012 837.785 694.101 803.718 1105.76 796.87 632.266 521.309 1748.39 660.977 997.424 512.975 1042.62 596.592 880.259 729.832 840.099 573.649 1268.8 960.252 480.343 792.519 763.21 874.083 466.954 778.755 1144.92 919.62 699.272 1059.41 1393.93 965.918 722.742 799.356 596.856 786.482 882.939 733.12 595.88 551.845 
12	715.186 948.278 1785.76 2518 1558.68 1178.19 2982.15 2932.7 1220.31 1123.36 1491.57 0 144.1 674.595 666.08 556.468 861.48 1262.91 2168.23 3167.64 1356.71 816.777 851.354 1196.79 4457.13 699.748 707.753 595.289 790.372 860.936 1388.72 2409.94 2731.96 2612.85 4609.92 1790.02 2411.32 1282.21 797.067 337.297 934.925 8347.28 659.188 852.848 866.114 800.529 1205.7 1149.49 3544.7 536.995 
13	618.667 835.599 1300.79 238.743 653.213 772.606 155.851 610.885 521.805 521.309 409.517 144.1 0 613.328 681.489 505.637 756.225 551.845 1391.92 232.633 835.599 698.962 819.033 674.545 522.076 621.147 596.856 492.178 823.818 608.16 352.356 377.581 596.592 696.019 440.506 672.992 786.686 843.742 705.882 291.031 919.62 700.422 582.246 576.772 756.027 623.402 732.283 880.852 514.668 429.581 
14	556.468 1164.5 1459.66 621.219 803.718 882.834 594.31 837.911 674.545 555.255 801.75 778.14 634.04 722.742 1024.29 715.186 562.186 441.469 1588.14 447.551 918.918 442.921 962.621 521.805 798.764 649.9 758.626 492.178 1187.27 878.559 400.875 712.761 682.32 793.96 347.784 699.617 1063.26 843.742 623.402 670.939 1312.56 884.706 641.952 717.911 528.402 705.882 803.665 668.569 514.668 470.198 
15	517.552 854.988 1171.24 274.606 608.16 724.581 194.082 585.618 464.255 430.286 427.126 289.651 146.981 553.251 699.272 464.255 641.952 433.645 1279.44 104.262 784.042 571.994 782.451 561.43 505.637 540.831 550.24 388.164 854.251 596.856 225.737 366.142 528.402 639.74 307.007 596.856 787.469 772.561 608.311 284.996 962.621 668.552 505.637 522.076 636.534 556.991 671.668 769.938 414.293 323.47 
16	3457.89 7082.91 14341.1 11407.9 13787 4802.3 15609.1 17690.6 20177.5 15095.8 6390.73 5909.83 721.082 1519.63 1073.99 1813.72 558.956 8079.98 12220.1 62215.3 8865.11 3439.59 4434.19 7700.3 27904.9 2178.25 6221.56 6850.73 1235.76 6269.57 20238.6 10352.1 41613.5 16823.9 41931.1 14917.8 15716 10962.2 635.032 739.158 7390.5 45577.9 3007.46 8435.75 3707.16 5821.46 4650.7 2849.31 39939.8 520.338 
17	555.255 987.879 1779.86 2543.17 1661.84 1263.2 2699.94 2856.91 994.074 846.243 1301.39 588.484 64.694 549.212 632.266 442.921 694.565 1009.14 2141.17 1634.61 1261.21 640.975 757.908 1021.62 4589.35 556.468 697.774 493.159 779.253 801.146 797.905 1618.44 2154.01 2876.43 3430.5 1597.73 2415.27 1281.09 641.952 231.68 1037.38 8338.37 534.373 844.101 778.34 781.141 1266.42 1155.52 2923.3 367.711 
18	558.761 1203.4 1786.87 1199.54 1250.96 793.96 1378.52 1430.78 1831.67 1417.77 904.217 906.716 611.424 636.534 947.076 635.942 471.357 809.117 1824.35 5244.78 1185.24 538.97 945.442 901.665 1739.45 561.43 847.228 730.723 1109.33 937.35 1847.76 1381.08 4033.81 1025.48 2842.11 1537.48 1658.13 1390.48 532.051 611.009 1325.36 3522.19 555.255 1004.74 549.731 618.667 714.303 579.917 2941.77 392.654 
19	1967.42 5657.25 6529.06 16632.4 5744.76 3065.08 17477 11866.5 5057.28 4740.86 6843.26 4397.48 119.371 749.775 576.772 445.188 654.786 5069.26 5804.34 9168.65 6847.14 3038.34 3387.82 5363.08 14869.1 715.661 2417.75 2272.79 725.756 4354.87 5585.35 11283.1 12757.8 7824.14 16566.7 7445.82 12006.1 6020.15 595.88 660.896 5950.64 34279 847.469 3311.29 3022.4 1514.1 2422.34 2248.1 12622.3 329.201 
20	3025.99 5961.99 12134 8001.26 11814.7 5052.99 9183.2 14344.8 13909.9 10811.8 3696.47 3167.64 232.633 1378.73 710.99 1384.04 537.778 7165.54 10967.7 0 8449.25 4280.21 3690.04 8256.02 21372.8 2192.01 4712.04 4695.59 810.12 4632.3 6544.88 5018.64 32157.7 16752.6 29367.3 13297.9 13848.2 10957.7 505.373 688.477 6329.91 41009.1 2841.64 6271.29 4766.83 5623.53 5163.58 4384.52 30989 220.388 
21	393.734 834.094 986.326 401.832 533.875 642.933 329.594 532.051 386.28 319.861 429.383 419.78 284.072 466.931 682.32 403.115 505.946 297.822 1106.5 77.9293 697.426 429.581 709.821 427.126 466.411 435.355 477.485 266.937 844.26 556.468 91.5354 347.981 435.355 553.23 187.778 493.163 750.512 668.569 485.25 288.705 962.384 604.405 405.44 442.921 497.434 464.255 579.917 635.032 295.28 204.758 
22	380.867 867.29 999.709 433.645 549.212 653.169 367.711 556.468 403.115 319.861 473.538 475.448 337.521 477.485 717.911 427.126 478.96 274.606 1124.37 115.28 704.535 393.241 723.726 403.115 497.434 435.355 494.574 260.64 880.852 585.56 91.5354 388.577 442.921 562.145 129.388 493.163 778.755 666.08 471.357 336.529 1001.3 623.328 409.517 457.677 466.411 471.357 585.618 608.311 289.6 204.758 
23	377.609 1037.94 1801.83 1476.34 2007.51 1211.51 1937.54 2633.85 2258.21 1492.81 731.855 679.038 392.159 495.811 756.225 514.558 457.677 759.676 2256.04 3777.01 1203.62 389.289 741.862 894.625 4564.86 609.68 769.6 601.677 919.603 817.569 812.947 809.167 4539.01 3143.65 2486.45 1845.21 2321.4 1437.42 464.255 387.037 1129.99 7311.36 742.912 960.554 554.055 1275.24 1316.37 946.482 4617.3 220.388 
24	1426.41 3664.52 7090.25 6367.46 7539.79 3123.44 8629.82 9955.54 9668.3 6570.58 3115.17 2951.48 559.699 1086.71 883.847 1271.48 435.355 3128.47 6848.32 26222.6 4610.61 1321.07 1975.07 3333.41 16900.5 1471.04 3037.64 2792.03 1046.35 3126.94 6917.1 4334.43 19236.6 10515 14779.7 7239.93 8794.62 5513.38 485.25 1319.3 3865.66 26452 1973.32 4045.37 1746.23 3671.47 3422.91 1962.92 18723 329.201 
25	554.665 681.489 1091.35 393.734 532.051 650.468 311.701 477.485 417.047 451.08 260.64 168.649 155.851 505.946 528.402 388.164 704.712 516.05 1164.49 260.992 714.801 670.939 688.16 624.405 386.28 532.904 478.96 440.506 668.297 466.931 350.657 247.287 497.434 582.335 440.944 578.194 637.772 739.116 633.51 168.649 763.926 568.847 492.178 466.411 712.761 521.309 621.147 820.816 456.403 387.037 
26	366.142 960.252 1062.04 573.254 601.651 685.736 520.338 633.708 470.395 352.941 606.446 650.364 510.89 521.309 820.816 511.019 406.463 247.287 1191.29 289.651 725.756 295.28 764.22 348.713 595.289 452.858 555.255 289.097 983.566 674.347 209.89 516.05 481.31 595.548 144.352 505.373 859.162 660.169 442.921 483.32 1109.33 682.201 441.469 514.668 380.867 505.946 608.311 528.402 312.785 266.255 
27	4187.81 12373.8 11751.8 41327.1 8930.16 4007.92 43464.5 20185.2 9630.72 9659.21 12742 12041.8 176.134 575.212 521.805 330.085 617.882 10122.7 8915.04 21480 14217.1 7339.39 8160.45 11150.7 20147.3 700.402 4341.98 4727.73 672.992 8873.84 13105.4 22371.5 26504.6 9154.14 32748 13867.7 23274 11997.4 552.043 336.863 13308.5 58376.1 812.616 5950.99 6205.97 1747.35 1684.97 2572.1 22440.6 297.061 
28	362.466 983.566 1075.56 635.942 614.409 689.705 584.399 654.786 491.783 367.711 648.049 713.172 574.488 532.904 849 536.995 377.581 248.717 1203.3 350.657 724.933 260.64 769.938 330.085 624.405 457.182 571.994 307.007 1010.47 698.962 260.992 556.963 492.178 601.536 182.362 505.946 878.559 650.397 430.286 1303.06 1137.62 695.831 451.475 531.138 347.52 514.668 610.11 493.163 326.854 297.061 
29	670.939 608.842 1228.03 521.309 573.649 682.438 451.475 497.434 496.653 568.144 266.452 220.388 307.007 573.254 471.357 451.08 825.985 657.419 1267.42 440.944 746.151 811.897 699.617 749.86 410.802 624.405 531.138 574.488 579.917 466.411 518.76 312.203 577.41 633.844 605.912 658.402 596.856 797.067 737.39 273.544 653.213 585.668 584.399 532.509 840.822 595.289 674.545 930.53 583.9 531.536 
30	429.383 1084.64 1332.02 4848.99 1290.01 929.924 5620.96 2469.13 891.933 831.843 1164.86 1305.15 210.755 403.115 505.373 295.28 577.41 1002.81 1660.77 2013.28 1330.93 641.947 728.481 1049.43 3347.35 417.047 475.318 399.619 660.284 786.682 957.977 1487.8 2229.03 2054.8 3485.98 1508.61 2495.46 1223.56 511.217 156.022 1165.3 7451.13 377.067 642.395 619.462 542.516 917.333 919.888 2538.8 258.025 
31	694.527 1929.36 3490.72 3724.6 3818.63 1904.55 4695.32 4926.94 4013 2584.62 1298.43 1388.72 352.356 619.98 633.708 632.77 417.047 1508.46 3735.51 6544.88 2545.56 919.193 979.696 1977.07 8037.96 843.952 1395.59 982.563 797.067 1471.16 0 1529.64 8700.66 5837.07 4676.64 3685.86 4743.16 3118.79 393.734 418.659 2081.07 14069.9 1048.18 1806.36 1213.1 1973.08 2107.4 1611.11 7571.04 115.84 
32	766.194 596.856 1376.92 614.409 635.942 735.563 551.845 551.845 580.556 665.659 336.529 307.205 416.27 648.548 478.96 529.684 921.419 763.182 1397.92 559.699 797.067 916.13 740.341 848.008 473.538 709.568 600.676 678.491 556.991 511.217 634.701 401.668 658.572 699.118 720.5 737.39 608.311 861.48 825.985 379.111 608.842 633.844 670.939 608.763 939.184 673.058 739.554 1019.43 685.256 639.965 
33	1296.49 4275.63 4655.18 20149.4 4417.25 2664.63 23448 8704.2 3083.14 2891.29 4478.06 5970.32 247.287 644.226 491.794 343.257 536.995 3515.56 4497.51 7702.15 4976.95 2050.62 2235.58 3797.27 11255.6 615.939 1663.76 1388.38 649.9 2962.38 3466.47 5477.37 8041.63 6748.83 12144.6 5312.16 9356.68 4482.79 470.395 375.433 4666.65 26379.6 719.118 2224.44 2254.58 1249.21 2317.31 2157.85 8466.7 219.652 
34	1064.57 2303.38 3333.92 3282.49 2475.73 747.844 3524.6 2748 3178.82 2438.75 1249.36 1582.74 326.854 348.713 573.649 284.996 429.581 1893.3 2732.51 5916.88 2665.88 1895.39 1808.3 2619.26 2522.29 323.733 1371.93 1041.49 736.753 1530.57 1445.33 1919.07 8580.73 1896.57 5457.86 3579.01 3648.26 3584.8 388.164 209.89 2592.85 7300.9 291.031 1709.79 1641.1 534.486 463.36 664.086 4689.9 104.262 
35	1838.42 5681.95 9089.45 10765.1 9240.31 3623.8 13469.9 11946.4 11071.2 6681.16 4099.81 4609.92 440.506 925.966 676.62 1047.24 349.636 3009.79 8267.48 29367.3 6797.47 2433.51 3334.64 4712.38 18113.6 1308.46 3878.95 2384.59 839.506 4286.02 4676.64 5895.58 24151.6 11715 0 9493.23 12259 8422.97 348.713 791.783 6207.74 32705.6 1716.69 5011.03 2841.22 3660.35 3348.95 2564.59 15963.3 122.57 
36	410.408 1064.74 1190.58 785.308 681.341 735.28 737.39 737.39 580.556 451.543 769.203 867.297 729.45 600.676 941.93 632.59 362.466 322.531 1309.57 890.852 758.626 248.717 817.135 347.981 723.361 514.078 648.548 401.668 1098.76 787.501 431.418 678.491 663.581 654.636 465.068 551.845 953.03 665.683 451.475 665.386 1227.57 762.071 520.338 608.763 323.47 577.41 653.708 449.436 459.247 412.728 
37	891.585 2353.9 2891.59 12971.3 2591.02 1555.7 15288.1 4865.17 1961.23 2061.24 1873.17 3301.81 260.64 465.112 430.286 258.776 594.121 2553.52 2886.07 7077.8 2990.06 1430.76 1363.58 2596.5 5931.87 474.143 992.442 1043.45 582.246 1616.49 3049.86 2568.15 5168.32 4008.13 9524.46 3376.35 5165.92 2765.63 514.078 117.913 2564.73 15092.3 533.548 1366.39 1515.81 826.986 1470.96 1499.98 6130.36 293.963 
38	1018.32 1569.36 3681.32 13796.4 3584.41 2526.94 18185.8 5789.88 2388.41 2419.5 1606.08 2514.36 337.297 825.14 377.581 457.358 739.158 3259.93 3850.22 10110.1 2735.36 1110.81 755.575 2881.64 8882.82 857.028 1262.82 1236.25 499.854 1336.05 3261.64 2800.68 5201.63 6770.62 13657.4 4123.84 4571.92 2872.72 645.062 915.799 1602.28 17882 1035.13 1735.69 1795.59 1596.24 2698.67 2732.1 9220.4 462.029 
39	1512.4 3201.65 4444.13 20509.4 3711.09 2123.14 24482.5 6828.56 3262.38 3631.08 2117.35 4862.38 302.231 581.596 380.867 312.595 658.957 4390.68 4015.14 14057 4471.5 2475.29 2043.82 4304.22 7969.79 607.472 1504.93 1887.61 521.805 2275.77 6034.97 4756.7 8516.18 5552.27 16913.4 5276.34 6962.64 4190.62 569.13 403.768 3455.75 21151.1 706.411 2134.93 2455.13 1110.81 1871.08 1943.52 10487.1 375.778 
40	400.875 569.992 754.134 1098.71 366.142 485.309 1845.47 428.774 257.795 303.15 219.93 337.297 291.031 337.297 414.293 220.388 554.954 384.601 828.586 688.477 549.212 538.59 528.402 884.515 326.9 367.711 311.701 301.011 570.472 319.861 418.659 243.134 574.647 414.376 791.783 410.802 616.371 570.472 473.538 0 682.32 1021.61 326.854 297.822 568.144 352.941 452.858 1267.56 310.609 264.907 
41	614.861 1833.39 1462.18 8509.32 1100.48 553.417 9563.88 2424.39 967.833 1033.29 1509.15 2869.75 302.231 311.701 441.469 204.758 504.794 1251.23 1446.78 3907.62 1854.15 1129.76 1231.84 1425.35 2362.72 329.594 545.974 583.442 601.651 1104.63 1724.27 1788.19 2915.53 1240.84 4431.04 1669.28 3149.09 1578.71 429.383 59.0234 2095.94 7406.17 289.097 669.078 952.37 323.47 450.725 617.882 2549.93 203.808 
42	3273.58 11635.4 9942.94 57821.9 8414.27 4972.85 66537.6 17565.9 6260.69 6244.76 11169.3 19612.3 623.402 1019.58 977.683 547.952 960.686 7894 8722.98 24077.1 12174.1 5894.87 6609.05 9009.66 19362.8 1074.42 3590.73 3197.7 1247.23 7286.08 9611.01 12992.8 18100.2 10943.4 27612.6 11243.3 21964.7 10568.4 817.135 656.318 13136.3 53394.2 1168.7 4595.33 5621.25 2191.73 3313.07 4023.26 16261.5 350.657 
43	391.891 1178.32 936.869 4238.84 603.419 466.931 4554.56 1219.47 544.661 568.764 930.794 1680.47 311.775 302.174 457.295 202.72 480.175 684.363 994.171 1836.63 1136.26 692.689 798.601 833.461 999.323 312.675 363.472 337.323 618.788 704.798 870.706 1157.11 1519.02 528.045 1946.92 906.108 1752.56 975.908 408.426 86.66 1358.45 3352.51 272.732 420.359 611.394 311.627 421.456 595.134 1121.62 175.131 
44	695.974 1532.66 2497.76 3493.41 2347.54 1007.58 4186.27 2787.8 2328.14 1923.13 778.074 1195.83 337.297 326.973 492.178 269.029 433.057 1725.07 2520.17 8503.74 2012.08 1273.49 1053.11 2081.19 3682.9 452.574 927.078 882.884 655.181 1002.76 2552.73 915.107 6330.55 3177.29 8976.15 2852.84 3238.37 2682.86 370.17 155.844 1715.57 8416.51 511.019 1186.56 1275.27 960.104 1071.5 1039.68 5475.84 118.862 
45	490.805 1233.01 1983.94 2899.66 2000.18 988.373 3557.29 2464.23 1901.8 1392.87 680.921 987.64 352.941 325.366 511.217 281.215 410.408 1204.13 2166.27 6747.71 1597.72 861.401 800.528 1499.18 3532.04 436.075 751.193 599.712 674.545 827.662 1650.71 783.17 4884.4 2887.79 6486.45 2214.04 2743.97 2066.79 352.941 186.927 1374.2 7376.53 493.361 952.283 938.898 913.836 1063.51 1000.4 4095.4 91.1812 
46	410.442 1269.78 1964.43 2998.52 2112.45 1079.32 3761.27 2721.48 2033.52 1199.58 796.213 1063.09 388.775 349.907 551.845 336.514 367.711 899.626 2214.36 7041.08 1582.02 688.443 754.729 1258.82 4201.38 444.477 782.37 425.179 715.186 886.306 1182.59 942.919 4772.43 3083.82 4628.51 2113.48 2909.28 1974.06 323.47 262.493 1409.11 7925.27 514.561 983.227 810.92 989.649 1148.26 994.199 3300.04 40.8567 
47	210.755 820.816 754.134 641.952 451.475 530.921 573.649 491.783 329.201 204.284 503.448 645.062 520.338 370.17 688.458 376.294 274.606 91.5354 882.939 288.705 569.992 185.085 610.11 204.758 465.265 297.822 408.567 144.352 849 536.995 168.265 412.728 329.594 441.365 81.7135 349.636 715.186 505.637 291.031 403.48 976.703 532.774 289.097 367.711 258.776 352.941 452.858 403.115 163.427 146.981 
48	807.363 1676.5 2753.32 4340.91 2588.94 1190.08 5273.78 3024.12 2394.89 2256.47 778.119 1398.5 349.636 351.824 451.475 267.459 440.506 2170.93 2757.9 12016.6 2244.45 1500.08 1059.31 2474.04 3930.33 525.895 977.4 1121.98 614.409 1050.15 3767.47 800.264 6851.34 3714.3 12637.1 3202.68 3601.91 3015.17 367.711 150.063 1893.34 9431.23 596.074 1250.56 1521.7 1134.81 1266.03 1284.33 6929.32 144.1 
49	476.789 1390.57 1734.54 2865.53 1614.27 564.01 3401.41 1993.76 1704.62 976.755 780.356 1181.1 410.802 266.937 532.509 225.737 347.784 877.549 1785.12 7855.16 1502.91 974.226 1020.31 1299.99 2514.39 233.466 709.212 339.806 695.568 864.636 1777.74 1125.62 4446.12 1766.28 4488.57 1922.98 2475.54 1976.52 297.822 232.372 1613.31 5697.04 244.683 881.084 856.401 470.7 549.57 528.96 2172.19 28.82 
50	194.082 694.565 590.561 596.592 349.636 449.385 517.552 370.17 208.523 115.84 356.586 536.995 429.581 274.606 554.665 245.14 326.854 129.012 716.228 220.388 499.854 284.072 521.805 245.14 329.201 231.68 297.822 64.694 717.319 408.567 115.84 265.768 238.743 358.066 122.57 289.6 595.88 464.255 284.996 264.907 843.277 427.031 204.758 258.776 329.201 266.937 380.867 451.475 91.5354 0 
51	183.071 715.186 604.462 608.311 362.466 457.614 531.018 388.775 225.737 119.371 384.601 560.457 449.424 284.996 577.41 266.255 307.205 104.068 732.283 233.206 505.637 258.025 532.051 225.737 352.356 233.466 312.785 57.92 739.554 429.383 119.371 293.963 247.287 366.079 104.262 291.031 614.409 463.36 274.606 289.651 866.114 441.365 210.755 272.838 307.007 274.606 386.28 433.645 86.88 28.82 
52	173.76 758.034 646.94 635.032 393.241 478.875 561.43 429.383 266.255 144.548 440.944 608.763 491.783 312.785 624.405 312.203 272.838 64.694 776.328 266.452 521.805 208.135 556.468 194.082 400.875 247.287 347.981 81.7135 785.308 473.538 144.548 350.657 272.838 388.075 86.88 302.231 653.708 466.931 262.229 460.015 912.805 474.005 233.206 307.205 266.452 297.822 403.115 401.832 104.262 86.46 
53	510.89 471.357 866.114 604.462 388.775 497.55 521.805 312.785 322.531 412.728 81.7135 348.713 366.142 392.654 319.861 272.259 665.659 519.568 898.848 392.654 561.43 668.529 517.552 594.31 225.737 451.543 347.784 433.269 457.677 284.996 428.676 146.981 400.875 449.565 503.448 480.343 435.355 612.851 568.144 155.305 556.468 401.933 412.992 352.356 685.256 416.27 490.281 761.513 436.163 404.518 
54	428.676 494.574 735.421 585.618 337.297 452.947 499.854 274.606 248.327 328.709 64.694 366.142 348.713 326.854 338.777 204.284 583.9 433.269 786.482 326.854 517.552 582.911 485.25 510.89 183.071 376.294 289.097 347.05 491.794 262.229 348.524 64.5062 329.201 393.358 419.78 410.408 438.207 555.255 490.468 81.7135 601.651 366.205 336.529 285.997 602.021 347.784 433.645 683.938 350.657 318.34 
55	344.961 1083.89 2805.21 1476.35 3485.95 1402.9 1938.82 2708.34 708.146 322.628 479.15 648.548 532.509 537.147 633.502 322.531 233.206 217.417 3175.66 3306.14 2030.84 438.161 886.45 939.779 4846.26 233.206 1262.8 112.244 792.519 821.867 614.483 566.297 1310.28 5152.29 1252.86 2713.45 2639.11 2469.73 231.68 379.111 1198.43 7375.57 248.537 1587.53 689.966 437.259 1839.51 1185.81 792.891 118.862 
56	440.405 1007.19 1384.11 9474.2 1318.39 1089.21 12203.3 2135.74 717.737 883.812 595.185 2409.94 377.581 321.608 337.297 144.548 519.84 1349.15 1622.06 5018.64 1315.69 574.443 461.08 1269.03 2503.23 354.662 440.525 477.836 497.434 576.66 1529.64 0 1944.06 2519.37 5895.58 1620.15 2471.32 1327.15 425.988 243.134 1150.17 7434.69 385.519 572.018 843.162 584.578 1093.49 1281.63 3313.9 265.768 
57	337.521 505.946 578.194 1524.35 274.606 393.793 1625.35 316.127 171.843 246.163 184.236 645.387 380.867 248.717 352.941 129.388 492.772 345.84 646.94 855.643 457.677 493.352 438.207 419.78 212.085 288.705 220.388 259.38 514.668 238.743 450.235 82.5117 435.982 323.559 804.218 336.496 533.125 481.31 400.875 91.5354 633.708 815.852 248.327 208.523 510.89 266.452 362.466 594.121 429.201 237.724 
58	720.769 2271.6 1703.19 15357.1 1347.23 765.503 17910.3 2795.98 976.641 1334.06 1832.71 5206.25 386.28 233.206 370.17 119.371 465.914 1866.14 1652.48 8197.34 2351 1480.9 1401.19 1989.03 2544.49 266.255 548.596 746.438 532.904 1213.31 3145.53 1477.8 3360.55 1697.77 7579.16 2121.86 4122.35 2056.17 376.294 160.876 2658.96 9232.35 225.54 723.15 1192.35 298.585 555.571 689.786 3613.96 209.89 
59	1290.3 2989 3881.12 8304.98 3464.69 1384.51 9923.67 4078.57 2779.75 2868.78 1499.61 2977.18 414.293 280.109 429.383 204.563 387.037 3525.15 3565.71 26656.7 3587.76 2880.48 1927.46 4086.22 4791.78 443.008 1386.83 1626.67 592.676 1715.5 8340.1 1822.14 9441.33 4197.09 21299 4649.69 5671.76 4926.13 307.007 220.258 3477.2 12698.8 485.287 1684.52 2555.61 1107.62 1115.74 1482.76 8501.54 129.012 
60	245.059 870.126 900.244 2069.62 928.659 458.269 2538.5 1210.39 826.6 338.415 491.517 830.803 457.182 210.755 496.653 184.888 312.203 512.852 1109.81 6440.13 849.903 580.576 610.083 704.993 1688.01 176.134 372.779 152.631 658.402 509.329 1609.86 656.981 2118.98 1134.47 3868.47 988.494 1522.24 1089.72 248.717 246.386 1036.61 3506.66 167.968 443.769 509.599 330.173 445.247 465.022 922.697 64.694 
61	129.388 676.62 650.613 1515.72 768.2 502.999 1949.07 1066.65 730.217 225.523 381.978 595.289 492.178 233.206 544.518 232.633 266.255 198.772 951 4695.59 581.346 285.15 478.96 350.641 1750.38 176.134 286.702 0 704.712 392.654 982.563 477.836 1518.11 1064.52 2384.59 661.642 1180.31 694.316 220.388 301.011 832.541 3001.5 190.06 346.62 275.526 377.414 485.884 441.454 314.317 64.694 
62	613.688 2234.94 5240.6 3197.95 6307.89 2348.72 4112.81 4935.72 1347.02 591.328 956.63 1262.91 551.845 737.73 619.445 310.609 208.523 0 5399.99 7165.54 4194.97 959.627 2069.59 1668.72 8477.2 249.185 2435.92 198.772 777.023 1650.06 1508.46 1349.15 2511.83 8583.74 3009.79 5038.63 5052.56 4849.07 202.72 384.601 2500.05 13271.4 306.528 3046.99 1315.49 582.598 2740.06 1790.37 1324.82 129.012 
63	813.181 1458.64 2152.02 14316.1 1684.77 1006.12 17594.3 2810.75 1565.9 1961.37 295.174 3892.66 414.556 349.149 266.937 219.652 622.301 2502.56 2069.18 9857.51 2156.38 1436.65 1034.33 2360.76 2918.07 401.668 678.745 1067.93 414.293 877.143 3855.19 2257.6 4174.44 2642.36 10369.2 2642.61 3077.35 2099.22 519.84 367.384 1673.66 9368.58 436.393 997.381 1354.17 605.359 998.53 1206.22 5831.29 384.601 
64	440.944 554.639 901.15 5779.28 731.761 616.767 7314.89 1150.17 561.267 698.96 0 1491.57 409.517 312.203 274.606 193.519 594.31 956.63 1094.86 3696.47 812.452 610.76 446.946 883.129 1246.22 374.93 297.406 381.978 427.126 319.61 1298.43 595.185 1459.78 1322.98 4099.81 1042.68 1263.58 817.687 492.772 219.93 638.88 3966.68 337.521 384.157 616.206 399.123 640.021 820.569 2334.51 356.586 
65	672.006 2032.52 1436.34 14959.9 1101.8 638.245 17514.7 2261.66 771.886 1210.93 1679.63 5150.35 414.556 208.523 347.981 91.5354 455.906 1743.23 1408.02 8364.66 2059.29 1412.19 1254.55 1819.93 1916.04 248.327 441.475 720.12 511.217 1011.91 3177.29 1559.5 2848.02 1383.62 7332.46 1830.95 3601.24 1810.91 361.517 179.138 2449.15 7728.7 208.135 582.175 1127.76 246.957 460.46 612.392 3312.46 219.652 
66	1120.76 3110.51 3472.5 9140.08 3287.96 1333.76 11022.4 4084.56 2291.22 2115.59 1746.54 3363.96 452.858 243.264 433.057 198.625 348.524 3252.27 3317.95 30711.8 3486.38 2754.71 1897.01 3756.71 5080.27 372.376 1293.67 1400.13 595.289 1770.89 9203.28 2315.47 7946.29 3910.38 21921.6 4131.72 5825.84 4704.53 266.255 278.693 3652.12 12492.4 386.87 1493.31 2422.14 962.219 1034.61 1417.13 6949.65 122.57 
67	531.526 3261.72 3502.18 9218.83 3951.37 1615.69 11541.8 5474.12 3973.06 877.154 2334.51 3544.7 514.668 353.239 529.684 436.339 248.327 1324.82 3574.99 30989 3355.86 1560.26 1744.86 2071.25 8321.53 382.757 1611.43 314.317 688.458 2152.02 7571.04 3313.9 8292.03 4746.54 15963.3 3560.44 6561.17 4088.2 194.082 310.609 3749.82 15151.7 463.339 1919.65 1552.15 1236.98 1376.06 1299.12 0 91.5354 
68	224.811 1085.06 1598.31 1413.62 1545.2 513.457 1554.56 1179.17 465.669 219.776 580.55 838.39 571.994 266.255 606.446 301.011 185.085 164.131 1589.63 2469.35 1691.88 497.752 1255.28 518.233 1516.09 185.085 817.659 108.642 762.313 719.083 739.029 829.529 839.235 1362.69 994.011 1523.42 1502.07 1651.93 173.76 392.159 1273.05 3045 184.888 964.341 483.206 245.14 364.112 312.785 320.421 144.352 
69	894.904 1706 5310.2 2408.23 6218.34 2109.6 3277.56 4860.41 1601.72 1045.98 870.004 990.235 777.023 970.268 848.008 554.429 204.284 2454.89 5338.15 7266.05 3129.94 403.299 1446.49 1670.46 9077.63 401.668 2469.28 482.747 996.124 1481.64 1793.83 1249.41 2805.42 8661.98 4330.12 5047.1 4161.46 3573.92 312.203 1151.46 1841.28 12292.8 506.464 3285.53 627.069 787.861 2854.83 1032.52 3213.72 384.601 
70	1741.93 4708.82 4496.28 5974.7 3417.31 2900.85 7566.86 12604.3 1840.6 2183.17 459.936 1550.3 467.552 560.929 307.824 293.963 701.313 5331.9 3804.65 10841.6 6131.72 2925.95 2662.22 4917.72 15894.2 483.768 1469.38 1178.62 415.949 3549.39 4128.4 1435.23 4527.11 5146.44 11469.8 5486.77 10986.4 4127.24 594.31 324.439 5224.17 39672.1 549.195 2196.74 2757.37 753.184 1702.58 1963.54 6697.39 475.448 
71	763.908 1714.27 1951.21 17201.6 1533.96 1019.89 21235.3 2453.61 1221.55 1752.98 769.849 5055.73 434.4 290.542 272.838 129.012 531.536 2439.17 1894.38 10630.8 2160.19 1379.9 987.092 2312.56 1969.48 342.602 566.581 990.651 433.645 804.509 3860.65 1410.43 3590.8 2548.43 10563.2 2461.04 3438.97 2098.9 428.676 395.602 2053.32 9060.92 374.344 824.007 1365.28 534.717 965.823 1234.98 5446.32 310.609 
72	685.183 1717.54 1748.36 16652.9 1399.58 958.753 20551.4 2294.5 1009.56 1530.21 1055.47 5007.95 435.355 260.612 289.097 104.068 503.448 2202.25 1742.1 9915.45 2032.52 1265.77 941.945 2105.79 1820.48 309.496 498.619 876.302 451.475 790.753 3517.66 1222.52 3139.03 2338.89 9654.87 2217.58 3413.72 1955.56 401.668 380.969 2062.33 8562.6 332.498 711.081 1257.1 479.643 898.144 1162.1 4815.74 284.072 
73	259.046 719.882 590.401 1593.32 450.7 319.843 1779.53 546.736 260.135 329.888 381.57 791.794 478.96 144.8 416.27 104.068 337.521 601.125 678.938 5464.9 650.181 642.744 489.417 692.193 620.421 144.548 233.386 283.763 577.41 369.695 1772.55 485.905 1068.49 448.069 3684.23 614.173 934.778 833.887 248.327 225.54 884.413 1665.47 104.262 230.625 533.096 147.64 262.229 440.506 1078.85 144.548 
74	158.443 966.368 957.552 3206.03 1208.77 663.701 4133.78 1749.41 1012.42 0 698.96 1123.36 521.309 178.515 490.468 218.014 258.025 591.328 1251.64 10811.8 995.058 498.528 539.824 690.789 2918.71 170.806 437.372 225.523 648.548 620.223 2584.62 883.812 2017.22 1659.45 6681.16 980.093 2090.58 1191.03 185.085 303.15 1119.3 4967.44 174.238 499.351 514.946 446.59 639.582 643.227 877.154 115.84 
75	263.855 1835.08 3645.66 2997.54 4709.49 1799.98 3864.97 3835.51 976.513 352.757 795.482 1139.43 573.649 536.56 568.144 265.768 184.888 903.388 3984.04 7020.61 3217.19 942.673 1597.62 1191.42 6759.44 162.978 1793.78 167.145 723.033 1302.78 1585.98 1113.51 1684.43 6319.5 3691.63 3364.03 4094.12 3662.17 147.64 374.93 2088.19 10271.4 202.671 2185.93 1107.22 413.47 2048.42 1467.06 838.29 144.548 
76	336.459 1119.51 2741.02 1507.79 3559.97 1426.22 2052.08 2876.28 853.188 498.528 610.76 816.777 698.962 635.506 729.45 436.163 119.371 959.627 3119.74 4280.21 1635.13 0 671.281 507.433 5649.6 284.072 1307.68 285.15 878.609 894.19 919.193 574.443 1370.84 5238.75 2433.51 2491.07 2509.29 1910.07 204.284 538.59 1260.79 7380.31 323.586 1701.97 217.33 511.981 1870.23 736 1560.26 284.072 
77	634.701 352.268 1021.78 763.926 439.305 520.504 685.828 348.524 433.269 548.345 209.89 477.485 531.018 475.448 233.206 375.778 782.975 668.529 1007.43 577.41 577.41 807.479 511.019 721.082 293.963 554.429 419.78 582.911 318.56 297.061 606.446 301.011 497.583 503.896 675.042 566.402 362.466 658.572 672.906 336.529 393.734 416.436 521.983 440.944 809.036 503.448 541.956 860.014 579.303 566.402 
78	957.044 2696.43 2672.5 4112.57 2153.95 2063.25 5375.23 7750.02 1084.9 1292.01 256.162 1029.35 485.25 477.972 251.373 260.992 668.529 3165.24 2534.93 6950.96 3442.26 1502.26 1274.92 2822.34 10297.5 440.944 841.596 701.034 371.977 1857.55 2354.1 744.853 2557.79 3722.92 7599.78 3247.19 6691.55 2380.82 559.699 301.278 3104.19 25475.4 478.541 1269.8 1621.07 641.573 1432.75 1721.12 4444.11 455.906 
79	595.932 3114.87 1313.88 3330.98 985.258 1048.03 4144.91 3521.61 355.219 630.308 285.44 1033.23 466.931 184.888 285.997 64.5062 469.233 1886.34 1313.1 4731.61 2506.32 1239.26 1191.37 1805.97 2550.34 246.386 347.711 382.277 449.424 1293.79 1619.51 366.462 1200.98 1575.36 4345.5 1731.43 6057.97 1623.49 364.725 176.134 3814.43 13992.3 209.89 496.211 1079.21 240.5 603.634 856.608 2029.8 272.259 
80	422.568 810.189 835.401 2895.79 720.496 388.552 3558.5 842.822 299.786 989.772 410.23 996.676 485.25 129.388 352.356 40.8567 384.601 1256.39 951.665 10916.2 879.26 989.451 557.592 1248.37 1001.59 177.94 238.167 660.189 514.078 366.689 3529.49 535.114 1902.11 1012.42 8718.5 1112.84 1435.33 1245.25 284.072 208.523 1014.02 2925.68 168.103 269.251 784.661 267.848 391.827 577.263 3317.26 204.284 
81	453.224 1299.59 1136.61 4549.24 1172.2 546.227 5599.05 1573.19 465.522 955.442 808.201 1640.34 505.373 115.84 400.875 99.8434 328.709 1572.6 1304.3 16733.4 1349.77 1241.4 801.28 1598.18 2162.36 163.509 413.783 766.583 560.457 693.948 5088.31 1124.25 2213.46 1485.13 11930.9 1429.3 2427.99 1814.83 232.633 245.14 1560.39 4881.04 138.995 418.82 1042.68 325.704 495.531 664.967 3622.28 168.649 
82	86.148 768.019 676.197 2555.34 886.305 481.029 3283.01 1326.97 880.712 218.87 589.517 931.861 561.43 163.427 503.713 203.808 219.652 437.944 940.635 9188.32 727.706 402.7 480.591 438.445 2239.26 106.135 342.903 234.402 658.572 496.298 2322.69 807.16 1486.59 1112.62 5430.68 641.94 1584.39 849.122 144.548 542.821 933.583 3617.37 118.444 395.926 349.93 303.696 440.913 440.8 923.332 147.64 
83	68.6189 1093.78 1026.95 3587.17 1332.74 630.217 4626.14 1994.69 1454 478.249 877.19 1330.15 578.194 189.233 530.223 267.692 193.519 515.522 1293.2 13066.9 1034.77 449.295 609.931 490.603 3400.25 147.426 530.519 341.793 683.938 738.987 3271.18 1219.51 2422.81 1643.5 7351.48 937.831 2290.82 1179.81 129.388 361.517 1265.73 5329.24 188.987 630.193 427.651 444.276 589.492 510.399 1427.83 155.851 
84	1113 2718.99 7234.83 4216.33 8520.4 2820.31 5593.1 6809.39 2248.11 1412.63 1401.01 1729.55 739.554 1069.03 748.476 476.12 104.262 3233.21 6924 11826.3 4755.54 267.714 2428.87 1629.48 12409.9 374.457 3524.47 668.951 894.432 2242.33 2986.61 2116.81 3886.25 11066 6673.56 6682.68 6224.35 5110.17 208.135 574.488 3001.6 17067.6 506.282 4635.55 442.992 840.873 3353.68 1149.93 4116.88 322.531 
85	749.32 362.466 1232.41 843.243 538.59 606.627 769.938 447.551 547.58 665.386 328.709 543.633 618.667 582.911 288.705 489.94 895.295 786.715 1204.04 688.458 658.572 924.057 584.399 835.78 404.518 665.386 525.985 701.313 311.701 392.159 723.361 419.78 607.985 602.213 793.356 672.906 408.567 749.86 782.975 451.543 347.52 503.896 634.701 550.635 922.695 611.424 638.268 966.803 697.115 685.256 
86	662.86 330.085 1063.07 802.36 455.906 529.858 724.933 364.725 461.12 579.303 246.386 512.975 570.472 497.583 225.737 403.48 809.036 701.313 1039.68 617.882 584.399 837.785 514.078 749.32 318.34 579.303 440.944 616.206 291.031 310.609 645.062 337.521 521.983 520.029 712.262 587.925 352.941 670.939 697.115 376.294 358.114 426.164 548.345 464.743 836.282 525.985 556.963 881.888 611.424 602.021 
87	641.821 1855.41 1840.58 3260.31 1502.24 1558.98 4334.67 5166.95 744.421 906.13 192.363 811.993 505.637 397.081 201.849 230.56 636.68 2242.29 1874.46 5261.63 2304.42 967.471 762.691 1951.11 6860.35 407.616 558.576 544.222 330.587 1105.83 1647.89 494.761 1717.17 2796.06 5768.2 2247.92 4648.92 1629.96 525.985 282.667 2229.8 17818.6 409.034 855.137 1139.22 532.026 1163.74 1476.98 3322.29 439.305 
88	403.48 362.466 568.144 729.144 225.54 329.717 642.96 224.411 201.74 322.268 91.5354 505.637 493.163 246.386 208.523 144.1 550.635 447.551 577.41 544.111 393.241 579.303 349.636 489.94 105.822 322.268 193.519 364.725 370.17 120.446 429.383 129.388 265.768 288.865 508.203 337.521 413.393 451.08 440.944 210.755 490.281 699.097 289.651 209.89 577.127 273.544 329.201 629.67 356.586 361.517 
89	445.413 2711.3 995.901 3301.52 787.747 1012.57 4250.43 2930.03 238.586 511.711 337.539 990.499 499.854 158.571 301.985 28.82 436.163 1583.65 1088.18 4534.44 1967.28 881.618 819.004 1447.5 2794.02 209.89 229.48 316.08 451.08 1075.8 1380.7 422.776 850.371 1478.07 4148.06 1348.22 5581.76 1293.56 328.709 218.764 3355.33 12383.4 175.328 326.824 889.174 225.222 629.627 950.268 1864.03 266.255 
90	259.38 449.424 326.854 726.291 147.64 266.981 641.641 129.388 70.1191 218.014 193.519 556.468 505.637 122.57 312.203 0 407.616 310.609 388.164 1384.04 330.085 436.163 318.56 345.84 91.1812 182.362 91.5354 232.633 473.538 163.427 632.77 144.548 278.796 194.171 1047.24 220.415 352.941 352.941 301.011 220.388 600.676 289.489 146.981 81.7135 433.269 144.352 233.206 492.772 436.339 245.14 
91	355.567 875.866 761.449 3719.49 790.244 522.323 4750.45 1083.52 0 1012.42 561.267 1220.31 521.805 98.4463 361.517 70.1191 350.657 1347.02 966.182 13909.9 931.595 853.188 481.876 1252.52 1677.57 194.035 221.104 730.217 520.338 434.274 4013 717.737 1448.7 1261.27 11071.2 1041.28 1767.57 1259.27 246.386 257.795 1065.24 3624.42 177.439 199.766 807.546 306.269 517.193 780.864 3973.06 208.523 
92	851.545 2390.21 1738.94 8905.66 1861.95 890.191 10955.4 2643.35 620.379 2069.85 1578.89 3249.22 532.051 115.246 387.037 132.241 322.268 3173.69 1939.25 34298.8 2348.42 2352.03 1291.95 3037.73 3781.48 205.69 632.139 1648.98 544.518 1234.35 10741.7 2331.43 2978.51 2308.58 24190.2 2323.9 4335.92 3183.25 219.652 338.661 2909.63 8148.02 173.36 561.285 1968.82 447.105 677.034 1140.89 7554.61 194.082 
93	531.657 1859.08 1250.26 6626.33 1476.77 647.752 8136.25 2172.51 918.119 1206.83 1290.13 2486.42 543.633 97.8513 412.992 139.316 293.963 2114.65 1490 25483.5 1750.76 1644.85 1050.21 2016.48 3157.39 121.998 551.26 1083.9 569.13 1017 7854.46 1957.6 1984.74 1676.57 16938.9 1544.05 3356.06 2299.37 193.519 294.72 2248.28 6333.49 78.8331 526.072 1346.1 300.865 492.914 762.076 4697.93 183.071 
94	180.81 623.907 437.065 2422.31 579.829 392.131 3108.65 886.843 326.565 410.31 439.604 826.392 543.718 91.5986 413.174 115.48 293.766 695.552 683.262 8919.03 597.054 520.789 383.065 641.207 1497.2 93.5637 190.019 365.549 569.303 345.218 2433.53 578.174 657.946 811.096 6417.62 528.058 1252.73 753.621 193.34 286.138 782.538 2628.07 58.3052 180.981 437.921 179.929 356.585 511.814 1855.91 183.008 
95	86.46 584.399 258.776 759.825 204.284 284.915 677.554 258.025 115.28 57.92 356.586 655.181 570.472 122.57 465.914 172.92 237.724 163.427 388.164 949.477 330.085 265.768 362.466 172.92 260.992 57.92 168.265 119.371 619.445 310.609 397.91 284.072 127.024 193.993 546.878 115.84 473.538 291.031 144.352 1810.61 748.434 308.868 40.8567 129.012 260.992 104.262 210.755 336.529 132.177 173.76 
96	66.8336 655.333 388.112 1397 377.554 297.725 1525.75 515.733 424.735 186.028 457.291 784.833 585.56 144.352 492.772 201.74 209.89 317.067 526.417 4577.55 467.174 350.286 395.732 289.281 570.179 64.694 235.028 198.955 645.062 383.593 1513.36 636.904 642.305 276.668 2454.22 287.565 807.061 513.606 122.57 352.356 805.812 1161.61 64.5062 236.917 281.751 122.57 220.388 312.203 518.283 176.134 
97	0 702.038 1125.51 1183.97 1634.51 700.786 1559.9 1410.33 355.567 158.443 440.944 715.186 618.667 253.509 547.087 259.38 155.305 613.688 1465.45 3025.99 1008.2 336.459 550.064 359.112 2687.38 104.068 608.45 129.388 697.047 476.866 694.527 440.405 522.445 2204.38 1838.42 936.963 1480.27 1128.12 91.5354 400.875 833.418 3684.81 118.862 738.497 367.576 194.598 808.206 611.72 531.526 194.082 
98	359.112 1806.59 3884.43 3112.29 5059.34 1778.42 4104.75 4225.29 1252.52 690.789 883.129 1196.79 674.545 643.101 629.67 345.84 81.7135 1668.72 4080.96 8256.02 2915.26 507.433 1455.73 0 7909.97 203.972 2014.33 350.641 776.523 1388.55 1977.07 1269.03 2002.59 6591.62 4712.38 3352.43 4122.1 3103.7 104.262 884.515 2042.02 10702.8 283.395 2568.06 480.935 493.018 2082.74 965.151 2071.25 245.14 
99	248.789 949.671 2123.17 1415.03 2795.81 1094.8 1925.31 2314.96 687.53 404.487 582.911 825.689 715.186 496.351 685.256 403.48 57.92 923.608 2439.51 4037.83 1339.06 120.59 637.457 259.553 4557.52 237.724 1061.12 253.802 830.283 740.164 911.174 566.128 1089.87 3920.19 2414.59 1864.75 2078.57 1480.06 144.352 530.223 1088.04 5840.36 260.992 1377.2 93.7662 397.033 1384.23 501.889 1300.45 288.705 
100	1095.47 2997.94 2678.98 5266.33 1954.54 1899.71 6822.05 6178.67 1090.03 1424.56 363.306 1453.27 528.402 403.17 201.904 203.808 605.912 3647.75 2364.15 8679.48 3619.3 1861.66 1404.7 3234.96 7393.71 376.905 793.047 797.98 357.513 1386.15 2950.21 931.441 2654.48 3378.29 8745.78 3379.3 6498.15 2555.42 493.352 332.139 3807.38 22386.9 423.481 1242.32 1859.32 554.784 1250.49 1651.79 4762.19 425.988 
101	2687.38 10708.1 4880.13 13334.1 2889.63 2766.15 16206.2 7614.6 1677.57 2918.71 1246.22 4457.13 522.076 275.914 321.395 91.1812 490.795 8477.2 3632.44 21372.8 9122.21 5649.6 4563.99 7909.97 0 283.176 1197.3 1750.38 484.75 2997.05 8037.96 2503.23 5072.68 4158.4 18113.6 6741.62 18131.9 6144.58 379.111 326.9 13859.8 37024.3 309.527 1953.23 4564.05 467.005 1049.04 2136.75 8321.53 329.201 
102	413.672 2821.48 822.736 3671.22 652.483 976.297 4793.31 2777.58 188.294 494.924 439.165 1109.47 533.875 123.528 334.787 28.96 404.518 1580.08 935.747 5036.24 1822.3 826.329 735.874 1388.9 4155.27 175.328 150.22 318.355 459.369 1125.8 1454.21 559.239 678.405 1332.46 4447 1181.43 5827.88 1201.54 293.963 276.343 3528.6 11707 154.331 213.548 866.761 188.745 590.643 978.724 1900.14 266.452 
103	146.981 520.338 186.097 1075.4 187.262 238.694 1145.1 269.281 139.237 219.94 310.609 641.952 569.992 64.694 401.668 118.862 289.651 371.577 323.996 3262.68 318.824 381.138 311.701 353.554 295.751 64.5062 104.068 223.459 554.954 246.386 1192.95 385.03 125.788 156.531 2066.97 186.993 518.14 374.288 182.362 307.205 683.938 599.107 28.82 77.0849 317.02 57.92 173.76 374.93 601.683 210.755 
104	118.862 544.518 185.13 996.224 195.05 247.217 1054.38 280.606 177.439 174.238 337.521 659.188 582.246 81.7135 428.676 146.981 260.992 306.528 328.143 2841.64 300.891 323.586 323.47 283.395 309.527 40.8567 129.012 190.06 580.556 273.544 1048.18 385.519 157.36 155.777 1716.69 148.974 504.295 334.339 155.305 326.854 709.568 574.279 0 100.846 288.2 64.694 176.134 348.524 463.339 204.758 
105	205.659 1369.33 861.202 5758.76 1482.53 832.585 7639.22 2495.27 1481.26 941.301 1147.24 1917.19 595.644 160.264 455.906 314.802 232.372 1304.2 1292.19 21448.5 1216.18 717.915 517.92 1004.46 4828.88 67.0424 521.668 800.431 606.446 864.803 5301.32 1434.65 1551.02 1984.38 14931 766.716 3025.95 1374.21 129.012 347.784 1622.74 6741.33 89.7455 569.052 746.885 400.846 738.05 905.828 4239.59 202.72 
106	198.646 1647.72 2154.6 3212.43 2946.52 1017.78 3995.65 2583.12 743.48 403.858 831.794 1378.19 625.57 239.557 510.89 232.372 175.328 2141.7 2393.9 7694.6 2642.91 1420.93 1647.44 1389.2 4260.27 64.5062 1298.17 289.375 658.957 1089.01 2183.25 1336.07 1057.75 3074.9 4522.47 1707.02 3149.41 2694.4 81.7135 392.654 1944.64 6573.05 86.5897 1550.6 1149.31 173.586 842.226 865.239 1271.48 210.755 
107	450.691 4521.12 7146.64 8056.75 9576.07 3545.49 10193.1 8329.84 2527.86 1402.38 2370.11 3529.89 1318.38 1103.71 1132.8 694.15 237.724 4644.53 7608.1 19736.2 6487.4 2271.15 3660.15 1718.61 15059.1 327.583 4044.19 906.571 1424.52 3202.36 5171.6 3249.49 3692.33 11432.9 11708.3 5669.66 8925.61 6599.75 115.84 881.012 5284.57 20720.7 476.755 4996.57 1942.18 829.475 3495.46 2421.17 4132.2 466.411 
108	367.576 986.898 2451.51 1683.01 2980.44 994.279 2234.19 2444.38 807.546 514.946 616.206 866.114 756.027 482.153 706.674 433.269 40.8567 1315.49 2592.26 4766.83 1612.61 217.33 917.095 480.935 4564.05 260.992 1239.76 275.526 848.008 806.695 1213.1 843.162 1337.66 3805.35 2841.22 2188.49 2246.8 1668.05 155.305 568.144 1102.55 6033.42 288.2 1629.94 0 389.783 1254.82 360.537 1552.15 329.201 
109	713.14 1636.1 1800.45 3496.35 1335.58 1275.06 4596.39 4333.75 773.121 970.531 296.973 950.19 562.186 350.174 125.041 237.724 634.04 2426.88 1710.39 5892.7 2245.96 1175.57 817.235 2105.77 6248.32 403.48 546.517 540.46 272.838 909.86 1948.45 685.564 1788.86 2354.68 5992.42 2245.76 3704.75 1619.77 519.568 309.586 2129.9 14720.5 375.778 860.853 1205.57 465.221 951.197 1284.46 3328.57 465.265 
110	641.596 1178.18 1023.43 1889.78 500.258 380.107 2227.04 1371.92 422.435 634.439 215.752 809.308 553.251 260.992 144.548 182.362 576.4 1475.11 854.631 3286.88 1383.14 1191.13 794.318 1419.53 1299.1 345.84 316.31 468.746 307.205 361.337 1447.31 529.359 997.028 619.249 2823.79 1160.85 1954.22 1046.2 462.029 274.606 1607.61 5251.68 318.34 463.541 938.861 289.651 322.531 644.535 1389.97 416.27 
111	738.497 922.846 981.665 2424.86 1017 684.079 3081.29 986.752 199.766 499.351 384.157 852.848 576.772 71.8875 337.521 81.7135 345.84 3046.99 1228.33 6271.29 1566.68 1701.97 756.901 2568.06 1953.23 115.28 201.036 346.62 490.468 432.928 1806.36 572.018 396.131 1820.25 5011.03 1672.45 1812.65 2146.14 232.372 297.822 1154.34 3202.29 100.846 0 1629.94 98.1462 744.342 1388 1919.65 258.776 
112	522.445 1765.52 683.253 8262.78 1363.04 863.03 10832.6 2539.67 1448.7 2017.22 1459.78 2731.96 596.592 74.9109 392.159 278.796 288.2 2511.83 1226.54 32157.7 1517.78 1370.84 673.16 2002.59 5072.68 162.977 439.265 1518.11 541.956 983.939 8700.66 1944.06 0 1871.76 24151.6 1036.13 3653.84 1886.92 175.328 574.647 2157.74 7086.2 157.36 396.131 1337.66 183.404 727.982 1261.95 8292.03 238.743 
113	104.068 554.954 163.427 847.812 168.265 233.107 882.401 247.114 194.035 170.806 374.93 699.748 621.147 91.1812 447.551 182.362 230.56 249.185 289.097 2192.01 274.606 284.072 312.785 203.972 283.176 0 146.981 176.134 594.575 293.963 843.952 354.662 162.977 144.429 1308.46 74.3114 440.506 238.719 118.862 367.711 723.361 441.856 40.8567 115.28 260.992 64.5062 155.851 310.609 382.757 231.68 
114	151.619 692.893 741.429 1431.8 1378.72 620.136 1898.79 1320.73 320.937 211.884 401.668 717.911 635.032 177.461 475.448 209.89 201.74 1157.21 1127.16 3842.45 909.28 533.079 458.465 743.676 2701.58 28.82 505.559 187.835 621.219 443.924 919.207 421.334 337.67 1774.02 2699.44 489.281 1489.78 1025.88 91.1812 388.577 843.217 3391.19 64.5062 591.819 564.082 118.991 652.755 767.989 876.692 233.466 
115	104.068 712.262 475.448 879.884 328.709 352.192 803.665 407.616 293.963 208.135 538.59 817.958 717.911 260.992 616.206 350.657 57.64 183.071 568.144 505.946 367.711 144.548 433.057 57.92 433.269 172.92 318.34 225.737 756.833 464.743 388.164 465.914 230.56 283.889 330.085 182.362 594.575 272.838 64.5062 504.794 884.532 401.481 203.808 288.2 91.1812 232.372 272.259 163.427 204.284 289.097 
116	155.305 766.194 587.925 907.761 384.601 400.702 834.094 464.743 350.657 258.025 594.31 861.48 756.225 318.34 672.906 407.616 0 208.523 675.042 537.778 410.408 119.371 480.343 81.7135 490.795 230.56 375.778 266.255 811.897 521.983 417.047 519.84 288.2 337.333 349.636 237.724 648.049 307.205 118.862 554.954 939.184 455.716 260.992 345.84 40.8567 289.651 322.531 129.388 248.327 326.854 
117	613.011 1545.06 2726.06 2418.49 2629.28 668.737 2778.57 2078 960.477 702.652 1001.9 1386.76 776.278 347.05 701.313 436.163 28.82 1852.06 2365.97 5607.25 2266.62 547.054 1746.84 747.673 2839.7 259.38 1456.26 436.377 839.559 1155.23 1910.21 1640.17 1674.02 2123.6 2939.6 2508.59 2269.83 2012.28 146.981 580.556 1796.5 4901.35 289.651 1904.4 104.024 318.34 442.625 137.456 1446.24 347.784 
118	440.944 736.935 837.382 1826.04 555.788 690.82 2422.23 1501.17 361.079 481.41 202.17 626.025 582.061 259.38 122.57 193.519 577.127 1025.81 889.427 2782.54 853.288 622.301 289.097 848.414 2533.16 347.05 252.074 425.988 285.997 211.838 794.942 271.187 682.998 1165.83 2886.48 909.099 1631.51 665.393 461.12 302.231 1010.84 5881.26 322.268 363.197 653.584 298.143 557.544 861.713 1573.09 433.057 
119	520.656 1368.44 1040.31 2730.62 669.635 697.585 3545.83 1620.7 448.64 633.442 262.792 803.753 579.917 230.56 144.352 168.265 548.345 1675.92 1003.28 4421.97 1426.55 965.159 572.959 1447.47 2512.89 318.34 282.378 400.875 307.007 226.837 1461.28 526.888 1070.59 1235.08 4162.09 1370.45 2559.94 1048.69 432.3 295.28 1890.29 7218.26 293.963 475.076 835.934 279.223 538.743 863.942 2129.87 410.408 
120	273.544 538.722 237.724 812.926 64.694 183.134 815.261 160.717 104.262 225.54 245.14 634.626 590.561 86.46 273.544 86.88 404.518 397.81 245.14 888.98 327.161 455.906 235.039 377.981 332.756 175.328 28.82 285.997 425.988 173.895 463.386 234.052 148.161 122.711 674.752 211.972 629.909 285.997 288.2 302.231 731.707 715.462 155.305 64.5062 436.163 115.28 163.427 469.233 311.119 312.785 
121	608.45 590.063 767.335 1754.09 450.212 415.313 2234.46 487.774 221.104 437.372 297.406 707.753 596.856 79.3991 301.011 91.5354 375.778 2435.92 782.015 4712.04 1000.93 1307.68 501.017 2014.33 1197.3 146.981 0 286.702 451.543 244.577 1395.59 440.525 439.265 1110.78 3878.95 1335.32 1120.27 1469.62 259.38 311.701 759.077 1717.93 129.012 201.036 1239.76 104.746 502.812 1079.21 1611.43 297.822 
122	253.509 465.265 125.389 905.943 158.647 176.101 947.112 210.918 98.4463 178.515 312.203 674.595 613.328 0 356.586 122.57 318.34 737.73 239.615 1378.73 426.175 635.506 330.87 643.101 275.914 91.1812 79.3991 233.206 503.713 203.808 619.98 321.608 74.9109 136.228 925.966 259.274 457.886 481.22 201.74 337.297 632.59 455.241 81.7135 71.8875 482.153 28.82 119.371 384.601 353.239 274.606 
123	194.598 526.763 77.5694 1501.52 173.689 183.008 1645.79 317.344 306.269 446.59 399.123 800.529 623.402 28.82 384.601 144.352 289.651 582.598 230.715 5623.53 321.015 511.981 271.068 493.018 467.005 64.5062 104.746 377.414 530.223 263.509 1973.08 584.578 183.404 122.573 3660.35 154.879 609.784 389.645 172.92 352.941 684.327 756.295 64.694 98.1462 389.783 0 115.84 356.586 1236.98 266.937 
124	210.754 519.662 223.589 1125.97 695.828 379.935 1481.74 764.892 194.213 202.119 361.517 705.882 634.626 70.6666 412.728 168.265 260.992 1150.32 570.572 3066.34 597.811 536.369 343.366 820.841 1651.94 40.8567 255.979 210.755 556.963 297.922 781.027 349.988 123.633 840.917 2320.61 238.134 979.337 724.366 144.1 370.17 685.522 1954.08 57.92 288.452 554.413 31.3706 353.876 694.07 838.281 262.229 
125	622.712 2585.2 3652.34 5491.61 5523.87 1934.57 7136.61 5102.19 1569.31 1062.91 1401 2203.58 1379.63 643.695 1051.97 547.087 293.963 4441 4141.4 14737.8 3524.09 1970.09 1969.67 2191.99 9880.45 182.362 2342.84 700.445 1331.32 1836.43 3888.49 2042.66 2077.51 6264.12 9628.74 2439.64 5456.98 3405.28 57.64 902.161 3065.13 12376.4 298.019 2954.6 1623.48 462.201 1893.72 1610.05 3600.27 549.212 
126	91.5354 648.049 350.657 881.551 265.768 288.545 802.36 347.05 246.386 185.085 492.772 797.067 705.882 201.74 554.429 301.011 118.862 202.72 439.305 505.373 307.205 204.284 369.777 104.262 379.111 118.862 259.38 220.388 693.166 404.518 393.734 425.988 175.328 219.469 348.713 118.862 530.223 220.388 0 473.538 820.631 337.333 155.305 232.372 155.305 172.92 208.135 193.519 194.082 284.996 
127	2614.44 6288.67 15692.4 11619.4 19459.6 6239.84 15569.4 16258.3 5476.34 3680.73 3442.72 4500.43 797.067 2304.85 905.204 867.777 40.8567 10474.8 14832.5 34190 9616.05 2283.5 4897.08 4200.73 31495.7 667.486 8091.19 1903.9 953.094 5233.96 8723.71 5106.23 8759.76 24903.2 21880 13751.9 14533.3 9617.3 144.1 594.121 7053.55 39333.2 1017.85 10741.6 997.151 1741.55 7222.62 1402.96 11690.2 367.711 
128	476.866 1364.64 938.725 2899.63 561.615 628.895 3804.51 1069.51 434.274 620.223 319.61 860.936 608.16 203.808 155.305 163.427 521.983 1650.06 879.124 4632.3 1255.53 894.19 467.228 1388.55 2997.05 293.963 244.577 392.654 312.203 0 1471.16 576.66 983.939 1124.99 4286.02 1262.6 2427.97 954.946 404.518 319.861 1935.14 5666.51 273.544 432.928 806.695 263.509 501.519 871.271 2152.02 408.567 
129	2848.32 9149.27 4744.92 16003.7 2331.66 2487.24 20069.4 2685.53 2232.34 3472.16 1989.77 5324.31 608.842 348.114 338.465 160.738 493.352 9622.42 3217.15 26637.9 7394.71 5754.81 3239.48 8354.89 12377.8 360.78 1160.98 2084.99 536.932 982.2 9501.06 3989.41 5392.91 4119.74 22293.1 6712.62 14318.2 5499.73 375.778 584.717 12884.1 23811.3 427.48 2170.07 4770.68 578.407 1217.42 2603.4 10434.1 388.775 
130	427.6 903.657 548.29 1524.77 216.45 216.847 1884.89 246.06 255.947 424.058 261.473 733.808 608.852 175.131 182.552 144.429 493.153 981.509 465.634 2583.65 735.449 816.792 421.672 912.163 1079.1 265.573 145.902 369.621 336.7 96.8252 1058.65 473.554 535.148 353.601 2108.21 651.967 1362.07 605.444 375.578 318.56 1279.49 2181.78 246.199 239.969 645.404 203.61 219.469 550.436 972.403 388.642 
131	1410.33 5311.66 2234.21 8861.99 1006.18 1314.71 11213.1 0 1083.52 1749.41 1150.17 2932.7 610.885 210.918 284.086 129.388 464.743 4935.72 1604.22 14344.8 3729.02 2876.28 1623.55 4225.29 7614.6 247.114 487.774 1066.65 430.024 1069.51 4926.94 2135.74 2539.67 2064.91 11946.4 3263.92 8600.48 2767.21 347.05 428.774 7341.33 11852.6 280.606 986.752 2444.38 317.344 710.987 1466.25 5474.12 370.17 
132	983.687 970.4 721.278 2877.14 419.497 397.549 3532.92 796.527 410.247 682.184 572.261 1243.41 632.266 49.5184 322.268 129.388 350.657 3829.75 629.538 7391.77 1450.2 2378.01 871.894 3123.95 1735.73 129.012 212.782 475.42 465.914 448.382 2463.52 973.758 618.857 740.345 5436.24 1591.96 1610.19 1979.83 232.372 349.636 1289.63 2065.93 122.57 431.649 1873.78 69.5054 304.184 968.7 2142.45 311.701 
133	990.099 1233.84 467.777 3533.29 967.916 672.472 4530.37 1488.41 556.27 801.268 627.951 1232.03 640.748 63.683 350.657 144.548 322.268 4381.81 784.671 9581.78 1637.27 2271.91 841.661 3354.61 3471.24 111.092 428.837 536.831 492.772 647.182 2764.88 990.879 600.846 1191.62 7436.76 1514.56 2369.33 2216.71 203.808 362.466 1565.16 3699.41 137.365 613.817 2090.48 76.729 573.652 1691.78 2959.38 302.231 
134	1125.51 1660.17 0 4517.08 1714.21 881.541 5779.91 2234.21 761.449 957.552 901.15 1785.76 1300.79 125.389 758.221 326.854 587.925 5240.6 1147.64 12134 2113.72 2741.02 1202.06 3884.43 4880.13 163.427 767.335 650.613 1039.68 938.725 3490.72 1384.11 683.253 1642.85 9089.45 1278.86 3205.02 2623.12 350.657 754.134 2078.94 5388.31 185.13 981.665 2451.51 77.5694 697.212 1969.29 3502.18 590.561 
135	936.963 1977.2 1278.86 4930.24 3021.49 1156.93 6358.41 3263.92 1041.28 980.093 1042.68 1790.02 672.992 259.274 436.163 220.415 237.724 5038.63 1896.63 13297.9 2426.25 2491.07 1381.82 3352.43 6741.62 74.3114 1335.32 661.642 574.488 1262.6 3685.86 1620.15 1036.13 2938.44 9493.23 0 3978.56 2555.7 118.862 410.802 2413.75 7719.48 148.974 1672.45 2188.49 154.879 881.637 1804.34 3560.44 289.6 
136	281.656 791.477 928.811 1826.88 1518.98 510.276 2365.08 1478.75 481.417 375.112 490.828 831.723 699.617 197.69 493.352 258.025 182.362 1689.82 1123.09 4956.11 996.361 774.668 634.123 957.437 2930.94 81.7135 672.465 241.52 629.67 550.577 1354.68 714.827 594.618 1586.56 3366.14 501.18 1628.6 929.106 64.5062 449.424 945.663 3484.17 122.57 858.836 638.969 140.911 486.395 564.832 1290.69 295.28 
137	1096.56 3128.6 5408.55 6498.5 6763.07 1983.05 8285.33 5956.53 2170.45 1561.43 1785.26 2635.65 746.151 615.088 579.303 341.571 104.068 5685.47 4917.44 17465.6 4385.13 2305.12 2775.73 2453.68 10629.2 189.083 3207.02 904.035 713.172 2347.82 5073.51 3016.31 3315.21 6910.22 10825.2 4217.52 6198.77 3793.46 40.8567 514.078 3655.44 13960.4 296.664 4205.25 1453.85 456.836 1710.87 962.578 4587.27 323.47 
138	186.178 727.824 1178.97 1277.87 1679.4 670.815 1596.17 1492.07 513.282 352.022 556.963 857.992 763.21 335.896 607.985 364.725 81.7135 1000.33 1421.86 3415.88 718.975 258.032 400.875 384.415 3144.81 182.362 655.621 272.838 741.156 551.269 795.379 490.468 654.216 2217.4 2365.39 932.125 1358.09 701.366 64.5062 536.995 867.297 3577.86 219.652 861.604 208.124 264.439 781.413 289.826 1116.99 337.297 
139	988.587 3079.57 1320.48 5193.25 512.881 545.582 6394.54 806.478 716.187 1114.28 758.085 1866.55 639.722 155.305 203.808 155.851 469.233 3113.46 893.058 8900.99 2083.44 2093.32 989.955 2672.58 4652.61 246.386 327.813 745.901 348.524 718.599 3295.27 1556.46 1641.62 888.068 6967.32 1944.83 4387.61 1600.71 350.657 348.713 4392.02 4376.89 232.633 651.246 1522.93 182.362 286.127 638.029 3128.49 393.241 
140	1634.51 1282.45 1714.21 4345.38 0 549.51 5441.9 1006.18 790.244 1208.77 731.761 1558.68 653.213 158.647 289.651 147.64 384.601 6307.89 948.403 11814.7 1850.48 3559.97 929.37 5059.34 2889.63 168.265 450.212 768.2 428.676 561.615 3818.63 1318.39 1363.04 1288.78 9240.31 3021.49 2155.34 2891.09 265.768 366.142 1710.71 2215.22 195.05 1017 2980.44 173.689 561.236 1833.38 3951.37 349.636 
141	1165.13 1739.72 534.182 4571.38 1424.13 746.638 5582.06 2048.27 893.336 1088.45 1069.39 2024.81 1355.11 216.369 751.555 370.17 602.021 4786.39 649.908 10818.5 1586.26 2518.35 973.7 3476.07 4629.39 220.67 803.298 848.533 1021.78 982.003 3335.63 1423.52 896.993 926.715 8354.66 1205.33 2854.23 1965.09 364.725 803.665 2244.15 4280.43 284.999 1103.56 2317.59 173.528 449.575 1992.42 3486.63 647.465 
142	1321.52 1641.37 471.017 4365.18 991.694 353.812 5027.37 1311.79 739.863 973.332 1042.29 2019.17 677.622 64.7834 375.977 185.21 300.819 4966.21 448.601 9981.52 1828.96 3503.61 1393.78 3850.88 2019.01 104.151 726.718 717.107 511.081 892.255 3790.92 1884.33 898.081 364.217 6379.29 1159.34 2230.84 2028.12 182.173 401.933 2129.9 2768.38 119.323 1021.81 2346.15 57.9203 57.9203 642.542 2348.81 323.697 
143	845.331 588.715 1499.73 2406.24 989.047 675.749 3073.97 3676.74 710.136 895.111 425.075 891.303 704.855 440.944 86.46 387.037 758.221 2037.47 1397.41 4784.18 1692.78 1415.54 851.091 1780.79 5694.65 531.536 543.442 651.037 119.371 1084.5 1835.6 945.89 1634.83 1313.93 4355.9 1808.93 1701.71 1224.06 639.965 457.182 836.357 9757.17 510.89 785.198 1116.41 469.233 546.349 806.96 2409.11 624.405 
144	547.087 155.851 758.221 920.148 289.651 328.902 835.599 284.086 361.517 490.468 274.606 666.08 681.489 356.586 0 312.203 672.906 619.445 691.68 710.99 374.93 729.45 297.061 629.67 321.395 447.551 301.011 544.518 163.427 155.305 633.708 337.297 392.159 346.04 676.62 436.163 159.147 475.448 554.429 414.293 288.705 587.123 428.676 337.521 706.674 384.601 375.778 720.5 529.684 554.665 
145	505.051 526.848 732.702 1482.15 313.762 246.573 1625.37 829.808 366.078 518.465 285.531 720.7 668.569 273.544 86.46 245.14 587.925 1089.04 624.457 2384.88 731.363 882.642 389.508 1003.91 1457.71 364.725 248.866 473.538 232.633 228.43 1141.93 555.954 708.189 343.295 1947.03 768.113 603.541 638.436 469.233 386.28 886.258 2287.65 348.524 363.428 703.822 301.011 289.651 634.04 955.479 490.281 
146	1114.67 2714.01 1765.91 6275.43 905.966 940.882 8207.23 2383.17 965.591 1347.31 921.304 2171.83 1333.41 408.228 355.61 388.164 1006.9 3496.37 1449.67 10328.2 2074.86 1953.85 768.11 2859.78 9142.31 568.144 515.843 999.969 621.219 754.624 3338.25 1566.01 2008.55 1780.37 9040.67 2399.09 4139.93 1710.06 769.203 771.031 4041.6 5909.39 546.424 903.55 1772.5 517.171 778.852 1562.52 4441.05 867.29 
147	4020.97 12583.6 6081.88 24209.4 2526.04 2467.26 30533.3 7615.99 3570.13 5161.68 3652.22 8325.43 668.569 451.285 479.334 246.505 475.448 14000 3532.83 41193.6 8061.45 8141.27 3273.33 11664.9 29511.5 435.159 1698.58 3113.7 680.443 3954.73 14549.4 7145.38 7599.95 4562.48 33179.6 8729.81 17971.2 6597.15 356.586 886.561 18344.2 13190.3 548.429 3239.94 6586.13 767.108 1310.67 3430.82 15382.6 417.047 
148	807.684 715.571 729.048 2194.94 297.866 168.504 2710.59 632.419 438.57 604.113 516.057 1067.05 688.16 91.5354 317.02 183.071 364.725 3098.7 207.619 5888.48 748.462 1867.09 486.41 2420.65 1485.86 163.427 340.1 451.403 447.551 349.224 1997.56 877.089 699.86 233.48 4334.11 1271.22 1042.83 1158.7 246.386 403.115 978.353 1088.62 168.649 615.921 1398.61 104.262 140.43 673.61 1821.03 366.142 
149	1465.45 1611.61 1147.64 4682.19 948.403 449.908 5586.78 1604.22 966.182 1251.64 1094.86 2168.23 1391.92 239.615 691.68 388.164 675.042 5399.99 0 10967.7 1359.53 3119.74 901.764 4080.96 3632.44 289.097 782.015 951 950.895 879.124 3735.51 1622.06 1226.54 3.6124 8267.48 1896.63 2376.47 1909.24 439.305 828.586 2141.39 2847.68 328.143 1228.33 2592.26 230.715 235.784 1736.36 3574.99 716.228 
150	2204.38 2035.6 1642.85 6401.81 1288.78 460.057 7812.03 2064.91 1261.27 1659.45 1322.98 2612.85 696.019 136.228 346.04 194.171 337.333 8583.74 3.6124 16752.6 2173.31 5238.75 1477.75 6591.62 4158.4 144.429 1110.78 1064.52 475.642 1124.99 5837.07 2519.37 1871.76 0 11715 2938.44 3196.53 2977.85 219.469 414.376 2666.6 3826.4 155.777 1820.25 3805.35 122.573 160.767 1520.87 4746.54 358.066 
151	14209.6 14938.4 9478.78 43367.1 10635.9 2782.3 51399.6 13951.5 8440.48 10615.1 9841.5 18630.5 2114.56 672.831 1123.98 625.57 931.828 54557.7 3011.49 107117 15303.1 35914.1 11879.3 41387 21967.7 507.913 8500.06 7099.1 1510.34 8601.09 40006.2 19228.6 12072 2602.47 69063.7 14982.4 21633.4 17605.2 580.556 1281.38 19400.4 26604.6 635.296 12817.7 23885.9 593.217 210.221 6284.6 26637.9 1056.8 
152	691.464 895.351 689.865 2568.59 1119.14 334.477 3267.61 1349.07 590.786 640.28 587.705 1088.31 714.801 147.27 403.48 225.737 284.072 3110.49 514.322 7071.37 872.296 1581.17 609.889 2152 2883.09 119.371 634.501 408.52 531.536 570.87 2145.32 961.332 745.175 689.74 5130.31 751.26 1653.48 928.942 168.265 441.469 1127.14 2778.89 144.8 907.836 1280.93 113.504 147.023 814.741 2119.35 348.713 
153	611.72 1115.22 1969.29 1899.53 1833.38 483.488 2154.83 1466.25 780.864 643.227 820.569 1149.49 880.852 384.601 720.5 492.772 129.388 1790.37 1736.36 4384.52 1395.19 736 1140.39 965.151 2136.75 310.609 1079.21 441.454 843.77 871.271 1611.11 1281.63 1261.95 1520.87 2564.59 1804.34 1530.52 1130.89 193.519 1267.56 1308.57 3330.41 348.524 1388 360.537 356.586 389.564 0 1299.12 451.475 
154	1548.16 2011.95 3381.76 8070.72 2228.3 1753.23 10606.2 7619.19 1736.04 2150.34 1124.11 2464.35 700.397 470.263 91.9536 285.997 622.301 5327.09 2564.43 14286.1 3529.92 2638.92 1231.21 4428.59 16138.8 436.011 1089.51 1219.65 241.511 1764.46 4810.14 2228.31 3715.78 3645.01 13103.2 4282.34 2710.27 2805.72 503.448 595.173 3665.08 19434.3 519.791 1790.68 2466.96 648.378 1250.01 1825.27 6981.95 531.138 
155	510.066 1254.18 690.474 2714.83 321.777 262.452 3491.63 1285.82 426.883 579.215 427.654 969.431 697.426 184.888 203.808 210.755 483.32 1527.91 530.382 4600.87 757.395 978.107 297.204 1240.39 4196.21 272.259 213.137 435.245 328.709 531.266 1559.68 790.856 859.985 562.144 3794.15 960.659 1781.5 664.164 364.725 406.463 1865.34 1057.46 266.255 390.067 740.512 208.135 250.042 581.136 1809.36 441.469 
156	1800.01 5646.1 2530.45 11041.6 1007.49 829.232 13881.9 5200.13 1698.09 2345.06 1900.71 4030.12 1400.79 399.089 548.397 409.517 911.812 6054.42 1488.27 18268.1 2769.6 3529.81 1086.28 4921.65 16080.8 507.579 818.056 1514.37 782.706 2545.11 6464.95 3442.09 3217.16 1712.38 14556.7 3496.65 8062.37 2513.38 675.042 961.136 8175.12 27.7151 559.778 1488.66 2897.75 521.478 677.054 1762.45 6790.22 854.251 
157	3684.81 12504.2 5388.31 24201.1 2215.22 1795.84 30860.3 11852.6 3624.42 4967.44 3966.68 8347.28 700.422 455.241 587.123 289.489 455.716 13271.4 2847.68 41009.1 6109.1 7380.31 2318.45 10702.8 37024.3 441.856 1717.93 3001.5 762.082 5666.51 14069.9 7434.69 7086.2 3826.4 32705.6 7719.48 18246 5438.04 337.333 1021.61 18056.5 0 574.279 3202.29 6033.42 756.295 1155.37 3330.41 15151.7 427.031 
158	1169.32 4468.61 1471.96 7554.36 527.645 386.068 9426.23 4005.01 1103.94 1529.36 1333.17 2757.13 704.535 144.548 260.992 202.72 428.676 4151.47 726.03 13025.6 1788.5 2525.99 800.512 3346.9 10701.9 225.54 508.163 941.348 384.601 2165.43 4662.85 2602.88 2108.77 785.378 9813.48 2187.15 6427.14 1590.17 310.609 414.556 6302.33 2674.02 225.737 949.909 1876.24 192.517 246.93 815.249 4359.7 414.293 
159	35946.6 67980.8 41675.9 211208 22623.2 9639.13 263233 84811 32390.4 42419.2 40817.6 79309.2 716.228 4675.47 3450.96 1453.37 402.3 142436 12366.9 393191 42942 74539 24144 107577 215135 2442.75 19693.6 26449.3 3905.22 38773.7 136938 77393.8 53983.9 18003.2 285934 62938.2 114445 45522 258.025 5181.08 90946.8 124888 3443.7 34135.8 61838.8 4233 6434.7 37903.7 122644 393.734 
160	4508.95 7678.5 4168.86 16854.8 1793.37 1718.37 19834.6 6361.86 2963.57 4046.36 3586.49 7138.9 716.276 185.726 318.539 210.81 374.745 15613.7 1027.18 35505.1 15451.5 10511 10510.2 12470.2 10766.9 184.961 2035.81 2630.04 441.14 4175.53 13959.6 7402.66 5174.44 803.182 23625.2 6444.91 10325.9 5040.86 257.846 430.353 10425.6 8969.19 206.894 3511.84 7019.44 230.734 57.44 1600.7 9632.55 393.676 
161	5852.62 8879.6 6032 21660.7 4475.08 3310.34 26980.4 10837.3 4113.19 5125.66 4387.13 8254.7 1447.45 614.995 753.446 440.775 697.047 23118.4 1406.66 49333.1 14286.3 12843.4 9626.27 17265.6 23627.7 370.184 3542.65 3211.78 958.409 5295.71 16882.1 8243.57 6402.64 1811.85 35341.5 8893.08 14452.9 6622.24 465.265 1017.31 11693 18105.2 498.044 5782.99 9856.29 507.447 427.213 4918.36 14972.3 772.561 
162	808.206 846.096 697.212 2392.61 561.236 124.684 2708.71 710.987 517.193 639.582 640.021 1205.7 732.283 119.371 375.778 233.206 322.531 2740.06 235.784 5163.58 602.646 1870.23 546.582 2082.74 1049.04 155.851 502.812 485.884 497.583 501.519 2107.4 1093.49 727.982 160.767 3348.95 881.637 1056.64 711.888 208.135 452.858 1123.25 1155.37 176.134 744.342 1254.82 115.84 0 389.564 1376.06 380.867 
163	1947.17 1839.56 1897.59 5735.7 1758.63 341.154 6999.32 2171.64 1294.37 1543.18 1325.24 2480.4 732.346 150.708 375.977 233.305 322.352 7620.66 634.691 15163.9 1558.43 4530.02 1278.12 5621.92 4042.85 155.777 1324.58 989.767 497.78 1139.66 5337.26 2516.32 1962.04 669.07 10344 2535.82 2889.08 1930.77 207.969 452.947 2400.65 3906.91 176.101 2045.5 3175.1 129.509 0.6173 1141.83 4258.53 380.837 
164	233.206 475.448 305.911 970.238 407.679 150.553 1140.99 525.189 262.702 278.487 429.383 803.665 741.862 129.388 404.518 248.717 297.061 798.568 236.641 1929.24 173.38 388.577 184.888 526.664 1277.52 147.64 233.374 323.733 525.985 273.544 589.33 393.241 248.478 331.609 1677.4 266.551 577.134 189.287 184.888 466.411 650.364 916.625 173.76 306.35 407.873 119.371 60.6229 492.95 819.698 377.581 
165	2053.35 2473.19 2742.03 6957.43 3196.09 667.681 8544.96 3378.57 1726.54 1810.01 1674.18 2940.1 752.423 232.867 433.269 266.452 272.259 8529.05 1698.43 18439.9 2246.35 4797.34 1886.64 5826.64 5926.86 144.8 2035.25 1130.55 554.429 1667.9 6313.02 3173.86 2529.84 1875.88 12206 2541.67 4089.08 1727.55 163.427 481.31 3109.53 6698.08 176.134 2918.42 3281.09 178.167 232.001 1210.45 5007.47 376.48 
166	1795.53 2477.49 3206.25 6720.46 4049.27 958.171 8481.3 4115.33 1848.59 1780.14 1597.01 2639.91 763.926 380.703 462.029 285.997 248.327 7948.93 2352.16 18508.8 2339.7 3943.85 1774.41 5093.6 7931.15 164.102 2256.08 1094.25 582.911 1759.25 5827.71 2859.5 2630.08 3134.79 12718.7 2626.42 4513.38 1564.36 144.548 497.434 3056.72 8507.31 252.729 3166.4 2882.14 286.784 580.233 1455.03 5407.85 377.581 
167	928.784 1369.02 1911.73 3507.39 2250.65 514.001 4366.76 2166.22 997.064 926.807 989.581 1647.16 776.328 219.647 490.795 307.007 225.54 4039.7 1489.95 9466.44 1403.03 2052.71 1156.08 2506.38 3807.67 155.851 1284.13 594.941 611.424 983.107 3104.21 1734.1 1491.69 1704.03 6196.65 1527.17 2393.66 855.352 129.388 514.668 1709.76 4546.02 194.082 1782.11 1383.06 172.906 326.992 557.343 2615.78 380.867 
168	440.506 219.652 516.05 957.417 168.265 175.526 870.71 129.388 289.097 408.567 323.733 738.201 724 248.327 155.305 258.776 547.087 532.509 419.78 640.748 219.652 619.445 144.352 516.05 204.758 336.529 204.284 470.395 265.768 115.84 595.644 348.713 288.705 210.082 618.667 310.609 104.068 322.268 428.676 435.355 392.159 91.3709 329.201 245.14 583.9 272.259 232.372 579.303 449.424 497.434 
169	419.697 830.789 484.87 1660.29 169.947 91.3709 1837.22 806.711 330.128 462.529 401.032 853.283 729.144 185.085 237.724 233.466 465.914 1002.18 320.789 2585.52 380.08 782.472 167.876 859.648 1878.15 266.255 185.151 417.047 350.657 432.995 1175.76 689.212 549.67 175.183 1917.93 543.895 977.098 410.311 348.524 438.207 1246.39 472.175 266.452 288.697 597.404 204.284 146.981 493.352 877.91 452.858 
170	1812.2 2916.82 2353.05 7083.83 1418.07 639.756 8896.92 3865.29 1339.69 1673.68 1400.72 2644.56 744.364 265.383 322.268 238.743 387.037 6969.48 912.348 14925.8 4634.3 3706.38 2800.68 5249.72 8975.58 208.523 1112.03 1025.93 436.163 1804.53 5179.92 2656.8 2283.08 1201.99 10958.1 3258 4637.12 1940.3 272.259 457.677 3944.48 5267.78 220.939 1871.4 2950.18 210.009 316.338 1598.26 4844.38 421.51 
171	890.418 1657.51 1228.45 3857.23 976.359 582.156 4962.57 2606.37 724.677 853.5 765.53 1387.68 751.582 218.431 350.657 247.287 361.517 3667.12 512.418 7950.78 2315 1742.52 1585.14 2642.11 6236.18 194.082 658.391 531.638 464.743 1085.11 2573.58 1340.33 1139.67 726.032 5975.97 1610.56 2908.91 878.059 248.327 467.552 2183.85 4133.32 210.755 1062.35 1506.29 171.041 160.301 1038 2671.26 414.556 
172	1217.54 1193.96 1680.51 3711.62 1684.74 287.488 4647.32 1830.93 986.305 1068.81 895.478 1605.46 769.06 211.411 407.616 272.838 312.203 4933.82 891.453 10301.7 822.416 2599.92 753.909 3448.68 3662.59 176.134 1082.93 655.746 521.983 825.371 3398.72 1609.18 1493.88 1082.18 7291.79 1851.09 2043.28 801.855 204.284 491.794 1524.33 3371.62 202.72 1624.66 1919.81 176.356 139.219 893.326 3172.09 406.463 
173	766.194 155.305 1188.62 1064.1 503.448 518.96 984.261 428.676 580.556 709.568 451.475 779.518 828.586 574.488 219.652 529.684 888.048 838.581 1108.86 840.099 550.635 948.515 464.743 848.008 440.506 665.659 519.84 762.313 91.1812 374.93 839.506 531.138 611.009 554.627 889.299 650.364 260.992 663.492 769.203 595.88 91.5354 436.361 648.049 556.963 922.971 602.021 579.303 926.323 748.434 768.577 
174	2149.16 2545.44 4216.93 10562.5 2581.87 1632.28 13577.4 9791.84 2334.78 2889.6 1736.9 3520.48 755.163 441.611 163.631 312.785 611.009 7165.19 2842.53 19480.2 4050.04 3874.17 1439.48 5942.57 20495.3 412.099 1442.57 1652.64 239.373 2933.19 6995.19 3607.67 4983.19 3614.65 16577.1 5377.06 1571.13 3381.81 492.772 623.37 5000.16 20193.2 494.941 2378.38 3233.76 599.695 1059.73 1783.26 8550.11 555.255 
175	1042.44 2785.25 2039.79 7577.3 1245.57 738.668 10162.6 6074.29 1320.24 1600.29 1228.22 2365.84 755.163 353.053 323.218 266.937 503.713 3990.56 1375.9 12604.4 1494.65 1769.56 336.169 3070.59 17552.3 342.159 715.775 933.108 409.067 1934.57 3835.19 2012.89 2424.45 2077.74 11031.4 2641.18 4111.73 1516.36 387.037 676.42 4248.71 6776.05 425.478 1226.55 1732.63 488.197 749.965 1505.11 5586.43 491.794 
176	893.035 1359.11 1527.02 3618.98 1126.03 3.034 4770.49 2598.41 732.268 847.959 685.208 1229.14 772.561 298.987 328.709 266.937 400.875 3709.67 809.722 7496.37 1528.88 1567.8 845.449 2663.12 6784.79 233.206 702.686 507.724 433.269 954.486 2305.25 1135.78 1191.19 1254.67 5996.76 1940.99 2463.76 918.853 288.705 485.25 1829.34 3631.82 247.287 1153.07 1514.02 234.788 373.145 1303.6 2838.7 449.436 
177	700.786 960.219 881.541 2348.6 549.51 0 2895.6 1314.71 522.323 663.701 616.767 1178.19 772.606 176.101 328.902 266.981 400.702 2348.72 449.908 5052.99 1065.47 1426.22 752.49 1778.42 2766.15 233.107 415.313 502.999 433.468 628.895 1904.55 1089.21 863.03 460.057 3623.8 1156.93 1416.04 584.866 288.545 485.309 1334.99 1795.84 247.217 684.079 994.279 183.008 124.684 483.488 1615.69 449.385 
178	406.933 703.749 704.244 1755.9 599.52 214.893 2325.86 1406.29 355.582 397.092 433.645 828.586 779.518 191.484 356.586 274.606 376.294 1737.55 421.325 3610.88 658.435 719.873 508.006 1215.84 3559.22 220.388 355.066 393.734 462.029 507.455 1088.08 598.86 555.202 591.524 2860.85 859.349 1331.53 359.557 266.255 494.574 925.371 2210.79 238.743 566.055 691.841 176.134 164.549 706.128 1346.12 442.921 
179	678.689 691.186 1277.74 2142.38 1371.5 253.924 2776.05 1384.85 668.885 667.702 566.029 981.106 806.231 249.201 440.944 312.785 307.007 2871.9 885.08 6319.33 435.523 1280.47 409.404 1902.52 3000.16 202.72 760.283 413.829 548.345 527.338 1901.08 901.791 999.507 1205.19 4718.36 1286.69 1323.86 222.281 208.523 531.018 869.422 2642.19 233.466 1121.6 1044.92 207.968 258.419 674.414 2184.86 434.4 
180	943.367 1142.29 2290.15 3232.77 2676.32 606.506 4243.45 2556.86 1111.95 1017.49 769.21 1210.94 828.586 412.084 497.583 347.981 266.452 4127.26 1785.79 9692.04 949.455 1663.62 680.366 2551.71 5439.63 210.755 1348.31 596.012 605.912 914.641 2793.09 1267.36 1646.2 2674.11 7173.59 2078.81 2331.2 329.918 183.071 561.43 1387.21 5233.51 281.289 1925.25 1367.37 328.424 644.998 851.387 3394.2 438.207 
181	749.86 118.862 1148.98 1080.63 483.32 490.995 999.59 412.992 569.13 697.898 457.182 800.812 843.742 556.963 208.135 520.338 867.297 826.742 1063.07 844.26 519.568 931.828 433.269 830.283 433.057 648.049 503.713 752.588 57.64 361.517 837.713 532.904 594.575 531.731 883.847 629.67 230.56 634.04 748.476 601.651 81.7135 412.923 632.59 541.956 903.032 583.9 554.429 900.899 737.39 762.229 
182	697.047 64.5062 1039.68 1062.02 428.676 433.468 979.445 430.024 520.338 648.548 427.126 790.372 823.818 503.713 163.427 473.538 811.897 777.023 950.895 810.12 462.029 878.609 375.778 776.523 484.75 594.575 451.543 704.712 0 312.203 797.067 497.434 541.956 475.642 839.506 574.488 188.396 576.4 693.166 570.472 129.012 762.082 580.556 490.468 848.008 530.223 497.583 843.77 688.458 717.319 
183	1480.27 1278.66 3205.02 7535.11 2155.34 1416.04 9907.05 8600.48 1767.57 2090.58 1263.58 2411.32 786.686 457.886 159.147 352.941 648.049 5052.56 2376.47 13848.2 2882.47 2509.29 976.75 4122.1 18131.9 440.506 1120.27 1180.31 188.396 2427.97 4743.16 2471.32 3653.84 3196.53 12259 3978.56 0 2392.64 530.223 616.371 2923.75 18246 504.295 1812.65 2246.8 609.784 1056.64 1530.52 6561.17 595.88 
184	496.653 175.328 624.405 1017.28 225.54 204.006 930.744 194.082 352.941 470.395 377.581 790.372 782.451 307.007 163.427 323.47 594.575 592.676 516.05 704.855 232.372 673.058 146.981 569.13 266.937 392.654 266.452 532.904 230.56 176.134 660.284 409.517 347.784 258.204 682.32 361.517 57.64 345.84 477.471 495.683 350.657 144.512 388.577 307.205 632.59 329.201 273.544 616.206 511.217 561.43 
185	883.859 1600.3 1995.67 6032.54 1380.96 906.94 8195.5 6050.95 1193.86 1389.19 969.306 1818.36 781.92 398.394 243.128 311.701 568.144 3357.61 1537.93 10227.1 1464.67 1394.38 344.224 2591.36 15933.4 375.508 698.398 792.332 300.492 1629.09 3057.12 1571.39 2231.92 2332.72 9341.2 2481.73 1870.69 1383.63 451.543 642.591 2729.79 10145 456.881 1156.97 1453.65 537.723 870.112 1459.23 4965.33 545.675 
186	352.941 375.778 366.142 1020.13 147.64 28.9607 933.863 208.523 289.6 366.142 441.469 843.742 800.812 204.758 337.521 295.28 416.27 466.411 238.743 666.703 40.8567 511.019 64.5062 408.567 297.822 258.776 204.758 430.286 432.3 245.14 590.561 430.286 238.743 119.42 586.057 208.523 259.38 144.1 307.007 512.975 550.635 122.429 274.606 231.68 456.403 210.755 104.262 419.78 403.115 477.485 
187	1805.89 2795.83 2977.72 6914.18 2291.39 872.949 8798.97 5044.21 1539.99 1749.03 1478.98 2588.9 807.526 373.816 364.725 302.231 392.654 6959.75 1552.02 14911.9 1333.8 3427.55 2172.85 5045.52 10962.5 247.287 1471.7 1043.87 461.12 2113.53 5099.27 2773.36 2637.7 2116.63 10984.3 3583.14 4677.77 1323.59 285.997 521.805 3715.65 7910.41 272.543 2329.99 2752.94 282.157 463.398 1525.7 5080.16 471.357 
188	323.47 501.076 574.19 1275.02 553.758 352.161 1631.84 1187.83 308.863 352.268 474.127 867.046 815.204 204.758 392.159 311.701 369.777 1200.89 443.584 2489.14 302.932 499.09 347.433 808.082 2960.58 238.743 310.636 414.556 489.94 391.051 711.861 459.198 404.977 604.014 2007.57 634.157 999.406 174.909 266.452 532.051 663.312 2039.64 262.229 449.194 491.464 202.72 179.972 557.117 975.744 466.931 
189	3194.78 2724.35 6142.93 9218.65 5954.84 899.998 12046.4 5894.48 3025.33 3095 2085.85 3509.42 1647.64 973.478 839.559 669.583 695.568 13202.9 3747.27 27957.9 1122.21 5722.67 1217.08 8972.46 13348.7 536.621 3332.51 1893.2 1037.52 2154.2 8331.08 3453.08 4663.94 5685.99 21650.4 6632.23 5227.03 1318.28 497.434 1100.86 3481.37 10629 714.545 5043.05 4901.52 805.724 1216.23 3313.11 10362.2 928.511 
190	1128.12 1160.19 2623.12 3560.95 2891.09 584.866 4715.44 2767.21 1259.27 1191.03 817.687 1282.21 843.742 481.22 475.448 352.941 307.205 4849.07 1909.24 10957.7 773.97 1910.07 598.992 3103.7 6144.58 238.719 1469.62 694.316 576.4 954.946 3118.79 1327.15 1886.92 2977.85 8422.97 2555.7 2392.64 0 220.388 570.472 1425.68 5438.04 334.339 2146.14 1668.05 389.645 711.888 1130.89 4088.2 464.255 
191	761.513 333.102 1416.83 2255.55 1097.9 850.881 3031.24 4591.3 726.7 790.096 481.31 829.113 870.648 568.144 225.54 536.995 875.478 1801.69 1542.79 4514.25 1382.5 1126.9 643.695 1494.56 8378.59 658.957 521.21 768.577 64.5062 1273.94 1558.54 877.304 1517.93 1628.47 4284.81 1674.18 1715.95 1012.98 756.833 625.57 171.909 11233 645.062 788.313 920.018 594.575 748.877 948.069 2513.27 780.173 
192	1540.74 721.465 3859.19 6344.5 2914.76 2021.33 8460.96 12094.2 1991.02 2192.05 1216.17 1968.37 860.573 626.773 224.61 514.078 848.008 5040.74 3192.04 12662.8 3777.68 2426.4 1471.49 4193.25 21913.1 632.59 1396.61 1195.32 40.8567 3429.3 4440.09 2419.73 4193.06 4228.18 11821.9 4590.21 4264.99 2789.62 729.45 665.325 702.825 29310.5 647.939 2153.43 2249.36 806.764 1450.56 1715.59 6839.27 758.034 
193	702.038 0 1660.17 3178.98 1282.45 960.219 4310.57 5311.66 875.866 966.368 554.639 948.278 835.599 465.265 155.851 449.424 766.194 2234.94 1611.61 5961.99 1492.27 1119.51 535.288 1806.59 10708.1 554.954 590.063 676.62 64.5062 1364.64 1929.36 1007.19 1765.52 2035.6 5681.95 1977.2 1278.66 1160.19 648.049 569.992 649.328 12504.2 544.518 922.846 986.898 526.763 846.096 1115.22 3261.72 694.565 
194	608.763 165.744 1093.08 2288.39 821.131 666.373 3118.25 3408.09 584.027 658.956 435.077 810.88 823.584 416.27 144.8 410.802 712.262 1500.67 1135.1 4156.46 911.115 825.301 332.006 1194.16 7332.34 504.794 414.335 633.51 118.862 851.732 1299.05 668.833 1140.78 1355.48 3951.9 1283.44 506.051 737.629 594.575 549.212 613.229 7688.79 496.653 598.375 749.86 440.506 616.671 882.622 2237.16 655.181 
195	536.995 442.387 989.591 2467.57 716.758 549.233 3376.35 3075.52 559.582 638.765 459.972 851.357 812.926 347.784 168.649 362.466 632.59 1456.44 960.1 4291.67 727.95 733.788 216.755 1129.56 7398.31 433.057 373.714 573.649 203.808 775.369 1282.4 660.395 1038.28 1216.88 4022.42 1162.74 350.163 642.016 516.05 528.402 895.49 6111.64 429.383 547.897 704.151 373.844 539.839 851.652 2216.73 601.651 
196	1036.92 1681.4 2106.22 5942.79 1380.38 762.794 7815.87 6200.84 1275.16 1502.27 1060.85 1961.78 810.88 342.072 216.541 338.777 580.556 3648.84 1524.48 10688.7 1555.72 1797.18 429.303 2890.56 14268.8 388.577 770.63 859.369 260.992 1963.85 3588.73 1980.87 2508.42 1968.65 9106.23 2627.52 1878.74 1462.14 465.265 549.224 2895.93 10521.2 392.857 1261.78 1572.77 444.521 666.607 1106.6 4727.48 570.472 
197	550.064 535.288 1202.06 1920.72 929.37 752.49 2491.68 1623.55 481.876 539.824 446.946 851.354 819.033 330.87 297.061 318.56 480.343 2069.59 901.764 3690.04 886.82 671.281 0 1455.73 4563.99 312.785 501.017 478.96 375.778 467.228 979.696 461.08 673.16 1477.75 3334.64 1381.82 976.75 598.992 369.777 528.402 770.548 2318.45 323.47 756.901 917.095 271.068 546.582 1140.39 1744.86 521.805 
198	452.424 530.691 955.491 1655.51 744.735 456.69 2218.08 1398.58 387.512 430.124 452.858 860.573 823.584 258.2 322.531 319.861 456.403 1849.74 709.51 3523.05 581.098 738.921 119.689 1326.03 3604.05 297.822 407.293 467.552 404.518 454.531 1061.25 570.559 656.583 1004.54 2935.6 1147.58 971.546 476.279 347.784 533.875 732.071 2050.04 311.701 656.751 740.261 247.287 357.54 816.3 1475.05 512.975 
199	1008.2 1492.27 2113.72 3995.18 1850.48 1065.47 5335.95 3729.02 931.595 995.058 812.452 1356.71 835.599 426.175 374.93 330.085 410.408 4194.97 1359.53 8449.25 0 1635.13 886.82 2915.26 9122.21 274.606 1000.93 581.346 462.029 1255.53 2545.56 1315.69 1517.78 2173.31 6797.47 2426.25 2882.47 773.97 307.205 549.212 1961.37 6109.1 300.891 1566.68 1612.61 321.015 602.646 1395.19 3355.86 499.854 
200	833.418 649.328 2078.94 3160.12 1710.71 1334.99 4334.78 7341.33 1065.24 1119.3 638.88 934.925 919.62 632.59 288.705 600.676 939.184 2500.05 2141.39 6329.91 1961.37 1260.79 770.548 2042.02 13859.8 723.361 759.077 832.541 129.012 1935.14 2081.07 1150.17 2157.74 2666.6 6207.74 2413.75 2923.75 1425.68 820.631 682.32 0 18056.5 709.568 1154.34 1102.55 684.327 1123.25 1308.57 3749.82 843.277 
;
param Gamma := 600;